(0.0, 0.0, 0.0) 0.1178352720630704 0.0025926980985567045 2.2344965516314774
(0.0, 0.0, 0.06) 0.0534256275936468 0.0017525257674856473 1.1260886107151324
(0.0, 0.0, 0.12) 0.0318018794719467 0.0017252754870643351 0.9180125453725618
(0.0, 0.0, 0.18) 0.0589088648823665 0.001175574468144417 1.0933017470715785
(0.0, 0.0, 0.24) 0.009192802848364148 0.0011483478088831186 0.9701683708487131
(0.0, 0.0, 0.3) 0.02141972210575093 0.0011250452366432066 0.6990985606539852
(0.0, 0.0, 0.36) 0.009208024647000532 0.0013933028580205538 0.9822132575648769
(0.0, 0.0, 0.42) 0.020362567182532123 0.0014328554530565055 0.9598271051766573
(0.0, 0.0, 0.48) 0.013581762384931842 0.0009662442284813605 1.1889839223605119
(0.0, 0.0, 0.54) 0.012189890720872811 0.0011204159469427018 1.4142686850290813
(0.0, 0.0, 0.6) 0.010575744455905128 0.000585843525837529 2.091548078235289
(0.0, 0.05, 0.0) 0.040373450138360134 0.0014384408654696888 1.0063011794924517
(0.0, 0.05, 0.06) 0.1220825299221971 0.0018659074332566437 2.1985954674692643
(0.0, 0.05, 0.12) 0.03457709892795149 0.0018947262661984142 0.7752319693148565
(0.0, 0.05, 0.18) 0.06000596892551299 0.0012394209929975871 0.970505114527509
(0.0, 0.05, 0.24) 0.019599724284177042 0.001644849416618917 0.6880000683176737
(0.0, 0.05, 0.3) 0.021506985407346385 0.00129503691761637 0.8928359119840497
(0.0, 0.05, 0.36) 0.015440022169514536 0.0010507183441924091 0.8059254353837153
(0.0, 0.05, 0.42) 0.013125698605887798 0.0012424059245049284 1.083676143162021
(0.0, 0.05, 0.48) 0.012106948125533232 0.0015392404359328322 1.185828560875349
(0.0, 0.05, 0.54) 0.01456817967791673 0.0011013396276570474 1.5832845252155763
(0.0, 0.05, 0.6) 0.015767324051751134 0.0012682322588348286 2.1491709667540615
(0.0, 0.1, 0.0) 0.03787546096309405 0.001730784490725991 1.2454686330560598
(0.0, 0.1, 0.06) 0.043518713141568625 0.0016630935499760422 0.7898556360037869
(0.0, 0.1, 0.12) 0.04899235005298181 0.002015608147761949 0.8686076818209434
(0.0, 0.1, 0.18) 0.04664911762651528 0.0021643888801271215 0.852301690208321
(0.0, 0.1, 0.24) 0.012125898841793683 0.000727839582166622 0.8548333030303206
(0.0, 0.1, 0.3) 0.011450261414538348 0.0010892780410454606 0.8998260838141985
(0.0, 0.1, 0.36) 0.0022960082602419603 0.0009291873592878279 0.8556367538182807
(0.0, 0.1, 0.42) 0.01161006841777046 0.0014971157853925635 1.1860995660269473
(0.0, 0.1, 0.48) 0.005380049241052489 0.00092473885791848 1.3237894741382155
(0.0, 0.1, 0.54) 0.01797566520807234 0.0011002574640289497 1.6011647874675683
(0.0, 0.1, 0.6) 0.01729818837581997 0.001433493644767446 1.8071623212150791
(0.0, 0.15000000000000002, 0.0) 0.04993449961469528 0.00131913859634425 0.9730753981308611
(0.0, 0.15000000000000002, 0.06) 0.020407230691168805 0.0010380710309454248 0.8519953443935749
(0.0, 0.15000000000000002, 0.12) 0.026388845568852636 0.0015200533043669238 0.6609982481643475
(0.0, 0.15000000000000002, 0.18) 0.055785953331712906 0.002506191743020947 0.8190927551627929
(0.0, 0.15000000000000002, 0.24) 0.026081981726855764 0.0014510287088052437 0.5694738264294105
(0.0, 0.15000000000000002, 0.3) 0.012366820245791284 0.0010455328953960837 0.6531001809164262
(0.0, 0.15000000000000002, 0.36) 0.009901066907440947 0.0007328375280213855 0.903390391631583
(0.0, 0.15000000000000002, 0.42) 0.015470592322950187 0.0010610027892816224 1.2884084103668714
(0.0, 0.15000000000000002, 0.48) 0.006238579555241843 0.0011447686101513524 1.345361533593254
(0.0, 0.15000000000000002, 0.54) 0.008837004562849375 0.0007464910655386824 1.9849895121302328
(0.0, 0.15000000000000002, 0.6) 0.02266301323760039 0.0007470032891788488 1.9295582149913355
(0.0, 0.2, 0.0) 0.039714866450685456 0.0012577382944385543 0.7862738684397654
(0.0, 0.2, 0.06) 0.07662057173548412 0.0022009154547901638 1.20333000595293
(0.0, 0.2, 0.12) 0.06888660485747601 0.0019798473008874936 1.048924084205264
(0.0, 0.2, 0.18) 0.045130137325302834 0.0017379519062213026 0.7432771069804975
(0.0, 0.2, 0.24) 0.036269562796819074 0.0007881501531333857 0.9604876420241175
(0.0, 0.2, 0.3) 0.027918672302245425 0.0011395769371841508 1.0278819629387255
(0.0, 0.2, 0.36) 0.013481238612087167 0.0013578198020544625 1.0639251281782847
(0.0, 0.2, 0.42) 0.006986019163010243 0.0011062423020684784 1.3570134474491091
(0.0, 0.2, 0.48) 0.005380498781440015 0.0017091415761988132 1.61458308156664
(0.0, 0.2, 0.54) 0.009717327031969964 0.0008467896436165184 2.236572865879407
(0.0, 0.2, 0.6) 0.013238139248721192 0.0010035681423928816 2.5775517322724673
(0.0, 0.25, 0.0) 0.015422648378335267 0.0009734161054184607 0.8530543151715703
(0.0, 0.25, 0.06) 0.03259356396823786 0.001375342480343235 1.0720825142431534
(0.0, 0.25, 0.12) 0.024424309812434312 0.0017975774260447523 0.90846642914531
(0.0, 0.25, 0.18) 0.013697495645737684 0.0014459217780628142 0.9275381053921996
(0.0, 0.25, 0.24) 0.01723428716414281 0.0007713056699758762 0.8899325998973073
(0.0, 0.25, 0.3) 0.011570633200019527 0.001520171469218965 1.170518693435973
(0.0, 0.25, 0.36) 0.01826497613542133 0.0010094877242834228 1.229295077246056
(0.0, 0.25, 0.42) 0.008178564726863074 0.001474214306805713 1.2281017061366488
(0.0, 0.25, 0.48) 0.025000992995182086 0.0009597491877983294 1.5041370723729892
(0.0, 0.25, 0.54) 0.008142086695603623 0.00142369879560208 2.347736928157195
(0.0, 0.25, 0.6) 0.02703764858923967 0.0016215516308626622 2.1437590258648784
(0.0, 0.30000000000000004, 0.0) 0.05768408145533717 0.001670924069856782 1.045903871180498
(0.0, 0.30000000000000004, 0.06) 0.010212438512511484 0.00041741766691387656 0.9719186193321905
(0.0, 0.30000000000000004, 0.12) 0.013341948536134055 0.0012238129337585042 0.9895305000905408
(0.0, 0.30000000000000004, 0.18) 0.010131449036898424 0.0011235232973825372 0.9359680642106842
(0.0, 0.30000000000000004, 0.24) 0.005193581630437938 0.0009460602568296334 1.435079076876713
(0.0, 0.30000000000000004, 0.3) 0.009312989658519469 0.0009606815045109338 1.0743913432825678
(0.0, 0.30000000000000004, 0.36) 0.01499268122451389 0.0010351150229833434 1.3026090508153458
(0.0, 0.30000000000000004, 0.42) 0.011158225688255433 0.0008580024296206393 1.51750579551888
(0.0, 0.30000000000000004, 0.48) 0.016705615642210094 0.0010255882091914292 1.689292947214048
(0.0, 0.30000000000000004, 0.54) 0.012838050051342654 0.0016548854147786585 2.1382734976929427
(0.0, 0.30000000000000004, 0.6) 0.0301020883029989 0.0008957065383278995 2.3196055366512054
(0.0, 0.35000000000000003, 0.0) 0.014727810115724193 0.0011261908464475817 1.054616322340508
(0.0, 0.35000000000000003, 0.06) 0.014590586340368179 0.001027475191159464 0.918722206279591
(0.0, 0.35000000000000003, 0.12) 0.013621848247676583 0.0007662010697759725 1.1301214083090334
(0.0, 0.35000000000000003, 0.18) 0.0232944792353577 0.0016184060888984359 1.4529166518288537
(0.0, 0.35000000000000003, 0.24) 0.014899288133865068 0.0010013344117509235 1.1553308846532686
(0.0, 0.35000000000000003, 0.3) 0.011663950318898908 0.0010021696722814352 1.6809451211553057
(0.0, 0.35000000000000003, 0.36) 0.012375692314087049 0.0009334606553622841 1.8092048692460745
(0.0, 0.35000000000000003, 0.42) 0.013023115647344815 0.0006513192441378456 1.6623469752913507
(0.0, 0.35000000000000003, 0.48) 0.012502932744335223 0.0010588460742970629 2.2273621126081147
(0.0, 0.35000000000000003, 0.54) 0.020602506691433597 0.0013487324641767895 1.7605081070170907
(0.0, 0.35000000000000003, 0.6) 0.03321553265686375 0.0008582447026267472 2.590675953838632
(0.0, 0.4, 0.0) 0.01944007799389321 0.000859386002801578 1.223514444371351
(0.0, 0.4, 0.06) 0.015708991807836595 0.0004596276019994491 1.3533067646158274
(0.0, 0.4, 0.12) 0.028855444006820618 0.0013940837301688847 1.4913648914506403
(0.0, 0.4, 0.18) 0.021766657175590672 0.0007323180689575084 1.6334314290123926
(0.0, 0.4, 0.24) 0.016005412581612234 0.00089956568267269 1.746979175002115
(0.0, 0.4, 0.3) 0.013584522606203906 0.002221814141677632 2.0658631675056087
(0.0, 0.4, 0.36) 0.018772066097377776 0.002410465395126103 1.9753260996003925
(0.0, 0.4, 0.42) 0.012373781356362275 0.0006840235903824019 2.583925200745485
(0.0, 0.4, 0.48) 0.025756703922101956 0.0007428562463182953 2.5941280686680495
(0.0, 0.4, 0.54) 0.03415407612368185 0.0016827234280068818 2.4830802592626577
(0.0, 0.4, 0.6) 0.021026067846367333 0.0012811624584961794 3.173506650392553
(0.0, 0.45, 0.0) 0.02396241558059597 0.0007138876408443582 1.6910316651413346
(0.0, 0.45, 0.06) 0.015339684967210124 0.0011825785405850803 1.9063839129942095
(0.0, 0.45, 0.12) 0.019841269776474005 0.000994465959801169 1.792431183905682
(0.0, 0.45, 0.18) 0.007125437059108654 0.0009605421928582191 2.0486586258315156
(0.0, 0.45, 0.24) 0.014971831489134965 0.0004891453300865976 2.043214472290421
(0.0, 0.45, 0.3) 0.017090208170484372 0.0010923373431500829 2.0219304955243365
(0.0, 0.45, 0.36) 0.017178183768413263 0.0019621100742894916 2.354540455854052
(0.0, 0.45, 0.42) 0.03217531195859027 0.001116579151117916 2.9251441746920186
(0.0, 0.45, 0.48) 0.021093182444158604 0.0019168681188329209 3.120843710715138
(0.0, 0.45, 0.54) 0.03102395074272019 0.0009530885123586604 3.0815775082445693
(0.0, 0.45, 0.6) 0.032991355223621184 0.0014097779593236863 3.2880154404951725
(0.0, 0.5, 0.0) 0.021001317574091287 0.0010260987667922473 1.7652048555935163
(0.0, 0.5, 0.06) 0.018398324471082254 0.00034681748374264964 2.1656782165704245
(0.0, 0.5, 0.12) 0.019221763170268823 0.0009697263978140644 2.443282799189679
(0.0, 0.5, 0.18) 0.02877574268062528 0.0009408313462934142 2.417159684318606
(0.0, 0.5, 0.24) 0.03334184009909307 0.0003651475725439129 2.3702376142273502
(0.0, 0.5, 0.3) 0.026681801060192537 0.0011982925907124944 2.17441124421046
(0.0, 0.5, 0.36) 0.03054314098010434 0.0015763253136248157 2.210459167043993
