(0.0, 0.0, 0.0) 0.002839624538218242
(0.0, 0.0, 0.03) 0.0032264950389991522
(0.0, 0.0, 0.06) 0.0029605737454138645
(0.0, 0.0, 0.09) 0.0032556726045360855
(0.0, 0.0, 0.12) 0.002745812185417686
(0.0, 0.0, 0.15) 0.0025177337839693897
(0.0, 0.0, 0.18) 0.0022923098937138657
(0.0, 0.0, 0.21) 0.002315640033694769
(0.0, 0.0, 0.24) 0.0016494590324180928
(0.0, 0.0, 0.27) 0.002216481860624294
(0.0, 0.0, 0.3) 0.0023147058333729416
(0.0, 0.02, 0.0) 0.003309779126213873
(0.0, 0.02, 0.03) 0.002589961839248111
(0.0, 0.02, 0.06) 0.00346311395579562
(0.0, 0.02, 0.09) 0.0020662786848976078
(0.0, 0.02, 0.12) 0.002296306168556328
(0.0, 0.02, 0.15) 0.001814928256096763
(0.0, 0.02, 0.18) 0.002179511687344027
(0.0, 0.02, 0.21) 0.0027959236588915638
(0.0, 0.02, 0.24) 0.0024522298142058566
(0.0, 0.02, 0.27) 0.002220171135266671
(0.0, 0.02, 0.3) 0.002307681765918346
(0.0, 0.04, 0.0) 0.0030602458441866065
(0.0, 0.04, 0.03) 0.0028699070904798433
(0.0, 0.04, 0.06) 0.0029601230256985156
(0.0, 0.04, 0.09) 0.0022204713831614925
(0.0, 0.04, 0.12) 0.0033928556264572144
(0.0, 0.04, 0.15) 0.0031591608876357794
(0.0, 0.04, 0.18) 0.002689703790846348
(0.0, 0.04, 0.21) 0.002338093579116173
(0.0, 0.04, 0.24) 0.0024268342301628186
(0.0, 0.04, 0.27) 0.0022516808864632433
(0.0, 0.04, 0.3) 0.002468486226165925
(0.0, 0.06, 0.0) 0.0036122635197438227
(0.0, 0.06, 0.03) 0.003163067852841605
(0.0, 0.06, 0.06) 0.0033983476573966817
(0.0, 0.06, 0.09) 0.002344418633859465
(0.0, 0.06, 0.12) 0.0029619787903990857
(0.0, 0.06, 0.15) 0.0022899532992245457
(0.0, 0.06, 0.18) 0.00274359660980044
(0.0, 0.06, 0.21) 0.0026973921237725827
(0.0, 0.06, 0.24) 0.0025776480806344445
(0.0, 0.06, 0.27) 0.0023327559381759204
(0.0, 0.06, 0.3) 0.002677143053636253
(0.0, 0.08, 0.0) 0.0029524590163406915
(0.0, 0.08, 0.03) 0.0033088613904769175
(0.0, 0.08, 0.06) 0.002751263139920018
(0.0, 0.08, 0.09) 0.002724519411213551
(0.0, 0.08, 0.12) 0.0026633072777545773
(0.0, 0.08, 0.15) 0.001895472027177481
(0.0, 0.08, 0.18) 0.0026548209561181677
(0.0, 0.08, 0.21) 0.002773234777197559
(0.0, 0.08, 0.24) 0.0029361161348558018
(0.0, 0.08, 0.27) 0.001970427342241056
(0.0, 0.08, 0.3) 0.002427436410461378
(0.0, 0.1, 0.0) 0.0026261945778269127
(0.0, 0.1, 0.03) 0.0026217664835390788
(0.0, 0.1, 0.06) 0.0032716368039068452
(0.0, 0.1, 0.09) 0.003473742009837807
(0.0, 0.1, 0.12) 0.0025239500770081512
(0.0, 0.1, 0.15) 0.0028766103539031034
(0.0, 0.1, 0.18) 0.0019007775732306912
(0.0, 0.1, 0.21) 0.0024106773999940535
(0.0, 0.1, 0.24) 0.0018648227056822018
(0.0, 0.1, 0.27) 0.0021877674532635827
(0.0, 0.1, 0.3) 0.0019124484333111417
(0.0, 0.12, 0.0) 0.002975851474312172
(0.0, 0.12, 0.03) 0.0026334188795595734
(0.0, 0.12, 0.06) 0.0032575186566966797
(0.0, 0.12, 0.09) 0.0028871156727455346
(0.0, 0.12, 0.12) 0.0025528922173428995
(0.0, 0.12, 0.15) 0.0023577840848024393
(0.0, 0.12, 0.18) 0.00271067166361968
(0.0, 0.12, 0.21) 0.0025809734049272387
(0.0, 0.12, 0.24) 0.0024569174608353606
(0.0, 0.12, 0.27) 0.002675880586962493
(0.0, 0.12, 0.3) 0.002433226011837988
(0.0, 0.14, 0.0) 0.0031999974656490827
(0.0, 0.14, 0.03) 0.0024823443427334883
(0.0, 0.14, 0.06) 0.0030395699342439597
(0.0, 0.14, 0.09) 0.0021219953200253506
(0.0, 0.14, 0.12) 0.002858553300423057
(0.0, 0.14, 0.15) 0.0027945616036967455
(0.0, 0.14, 0.18) 0.0030001551350783097
(0.0, 0.14, 0.21) 0.0021334773873665645
(0.0, 0.14, 0.24) 0.0029947208270612474
(0.0, 0.14, 0.27) 0.0031168000937593786
(0.0, 0.14, 0.3) 0.0030642450722574645
(0.0, 0.16, 0.0) 0.0029767913215525787
(0.0, 0.16, 0.03) 0.0026228900862942774
(0.0, 0.16, 0.06) 0.0025354314031369903
(0.0, 0.16, 0.09) 0.0030866898809925663
(0.0, 0.16, 0.12) 0.0030776859528285246
(0.0, 0.16, 0.15) 0.0020026556871442624
(0.0, 0.16, 0.18) 0.002761462807538361
(0.0, 0.16, 0.21) 0.002890650981431985
(0.0, 0.16, 0.24) 0.0029539193935023615
(0.0, 0.16, 0.27) 0.0026464668788141665
(0.0, 0.16, 0.3) 0.002416491429063337
(0.0, 0.18, 0.0) 0.0027099504688862445
(0.0, 0.18, 0.03) 0.0031169238193341857
(0.0, 0.18, 0.06) 0.002559102655569385
(0.0, 0.18, 0.09) 0.002845804915808707
(0.0, 0.18, 0.12) 0.002651732302604376
(0.0, 0.18, 0.15) 0.002716034013617042
(0.0, 0.18, 0.18) 0.004066904970890372
(0.0, 0.18, 0.21) 0.0025329839291934855
(0.0, 0.18, 0.24) 0.0035185945567671696
(0.0, 0.18, 0.27) 0.002946938189786606
(0.0, 0.18, 0.3) 0.0030015986654150007
(0.0, 0.2, 0.0) 0.0029238258609667733
(0.0, 0.2, 0.03) 0.0031782743653608505
(0.0, 0.2, 0.06) 0.0038015786750972753
(0.0, 0.2, 0.09) 0.0035268394572714064
(0.0, 0.2, 0.12) 0.003022299522228487
(0.0, 0.2, 0.15) 0.003141992041378048
(0.0, 0.2, 0.18) 0.0033228546637331284
(0.0, 0.2, 0.21) 0.0034494987123677755
(0.0, 0.2, 0.24) 0.0034953987386971033
(0.0, 0.2, 0.27) 0.003291017166212406
(0.0, 0.2, 0.3) 0.004551701757160844
(0.13999999999999999, 0.0, 0.0) 0.0034313672724815376
(0.13999999999999999, 0.0, 0.03) 0.002443052312859287
(0.13999999999999999, 0.0, 0.06) 0.0025336455257985203
(0.13999999999999999, 0.0, 0.09) 0.002267260271680125
(0.13999999999999999, 0.0, 0.12) 0.0031797128972200833
(0.13999999999999999, 0.0, 0.15) 0.002792937420175656
(0.13999999999999999, 0.0, 0.18) 0.002789137027768606
(0.13999999999999999, 0.0, 0.21) 0.0018209884543030803
(0.13999999999999999, 0.0, 0.24) 0.001627643156031712
(0.13999999999999999, 0.0, 0.27) 0.002521907900325346
(0.13999999999999999, 0.0, 0.3) 0.0023065982211825683
(0.13999999999999999, 0.02, 0.0) 0.0031208708957172013
(0.13999999999999999, 0.02, 0.03) 0.003364130501025769
(0.13999999999999999, 0.02, 0.06) 0.0028333954145087293
(0.13999999999999999, 0.02, 0.09) 0.0034295778631390716
(0.13999999999999999, 0.02, 0.12) 0.003083200813003445
(0.13999999999999999, 0.02, 0.15) 0.0026238785699315608
(0.13999999999999999, 0.02, 0.18) 0.001482810852324864
(0.13999999999999999, 0.02, 0.21) 0.0022019031702397765
(0.13999999999999999, 0.02, 0.24) 0.002131934297370548
(0.13999999999999999, 0.02, 0.27) 0.002251046741694043
(0.13999999999999999, 0.02, 0.3) 0.0022710277634234253
(0.13999999999999999, 0.04, 0.0) 0.003216017038766353
(0.13999999999999999, 0.04, 0.03) 0.0034620533082901765
(0.13999999999999999, 0.04, 0.06) 0.0023834467425372765
(0.13999999999999999, 0.04, 0.09) 0.002190394885479996
(0.13999999999999999, 0.04, 0.12) 0.0029628971872061225
(0.13999999999999999, 0.04, 0.15) 0.003161691121172791
(0.13999999999999999, 0.04, 0.18) 0.002815252449466346
(0.13999999999999999, 0.04, 0.21) 0.002367488051317541
(0.13999999999999999, 0.04, 0.24) 0.002726591316744983
(0.13999999999999999, 0.04, 0.27) 0.002371023781126791
(0.13999999999999999, 0.04, 0.3) 0.002309368415114327
(0.13999999999999999, 0.06, 0.0) 0.003327718308726423
(0.13999999999999999, 0.06, 0.03) 0.00318697767156577
(0.13999999999999999, 0.06, 0.06) 0.002793058368433641
(0.13999999999999999, 0.06, 0.09) 0.0026779018112495882
(0.13999999999999999, 0.06, 0.12) 0.0025964080788145327
(0.13999999999999999, 0.06, 0.15) 0.0024945438738635676
(0.13999999999999999, 0.06, 0.18) 0.0020999706258302987
(0.13999999999999999, 0.06, 0.21) 0.0020071527103189316
(0.13999999999999999, 0.06, 0.24) 0.0022419524539292216
(0.13999999999999999, 0.06, 0.27) 0.0021250111274899036
(0.13999999999999999, 0.06, 0.3) 0.0015291224164077817
(0.13999999999999999, 0.08, 0.0) 0.0025206766387514037
(0.13999999999999999, 0.08, 0.03) 0.0027256602105918326
(0.13999999999999999, 0.08, 0.06) 0.0021221874304488174
(0.13999999999999999, 0.08, 0.09) 0.002425972026101049
(0.13999999999999999, 0.08, 0.12) 0.002503024600453439
(0.13999999999999999, 0.08, 0.15) 0.00283266550446187
(0.13999999999999999, 0.08, 0.18) 0.0030451625050476835
(0.13999999999999999, 0.08, 0.21) 0.0027658165842144263
(0.13999999999999999, 0.08, 0.24) 0.0017774516904667927
(0.13999999999999999, 0.08, 0.27) 0.0025504300994446216
(0.13999999999999999, 0.08, 0.3) 0.0016686764655709887
(0.13999999999999999, 0.1, 0.0) 0.003035083551229736
(0.13999999999999999, 0.1, 0.03) 0.0029761320561727577
(0.13999999999999999, 0.1, 0.06) 0.002772655305079811
(0.13999999999999999, 0.1, 0.09) 0.0029448775420766937
(0.13999999999999999, 0.1, 0.12) 0.002819291851961196
(0.13999999999999999, 0.1, 0.15) 0.0027351570195779354
(0.13999999999999999, 0.1, 0.18) 0.003148788461828262
(0.13999999999999999, 0.1, 0.21) 0.0027645385223781164
(0.13999999999999999, 0.1, 0.24) 0.002460940838251883
(0.13999999999999999, 0.1, 0.27) 0.0026141022238329553
(0.13999999999999999, 0.1, 0.3) 0.002245805720196206
(0.13999999999999999, 0.12, 0.0) 0.002558619290001196
(0.13999999999999999, 0.12, 0.03) 0.0026192535223917525
(0.13999999999999999, 0.12, 0.06) 0.0029274895659798877
(0.13999999999999999, 0.12, 0.09) 0.002138847947561855
(0.13999999999999999, 0.12, 0.12) 0.0026869372656461252
(0.13999999999999999, 0.12, 0.15) 0.0025146520338727506
(0.13999999999999999, 0.12, 0.18) 0.002094246472814391
(0.13999999999999999, 0.12, 0.21) 0.0026523046225301024
(0.13999999999999999, 0.12, 0.24) 0.0022061106070243412
(0.13999999999999999, 0.12, 0.27) 0.0025162107083002466
(0.13999999999999999, 0.12, 0.3) 0.002803943154251252
(0.13999999999999999, 0.14, 0.0) 0.003141669877730126
(0.13999999999999999, 0.14, 0.03) 0.0030495503161361267
(0.13999999999999999, 0.14, 0.06) 0.0020126304888122017
(0.13999999999999999, 0.14, 0.09) 0.002642023689423412
(0.13999999999999999, 0.14, 0.12) 0.0021087320652592896
(0.13999999999999999, 0.14, 0.15) 0.0026739017888365996
(0.13999999999999999, 0.14, 0.18) 0.0024098751971684154
(0.13999999999999999, 0.14, 0.21) 0.0024760926581301646
(0.13999999999999999, 0.14, 0.24) 0.0031682692048556707
(0.13999999999999999, 0.14, 0.27) 0.0030597508078962165
(0.13999999999999999, 0.14, 0.3) 0.002962250581083788
(0.13999999999999999, 0.16, 0.0) 0.0025708213640799763
(0.13999999999999999, 0.16, 0.03) 0.002892597842254879
(0.13999999999999999, 0.16, 0.06) 0.0030226186545171587
(0.13999999999999999, 0.16, 0.09) 0.0029788538328336185
(0.13999999999999999, 0.16, 0.12) 0.0020492583742453756
(0.13999999999999999, 0.16, 0.15) 0.0021615417008136258
(0.13999999999999999, 0.16, 0.18) 0.0021667088294734186
(0.13999999999999999, 0.16, 0.21) 0.002999747474624191
(0.13999999999999999, 0.16, 0.24) 0.002599813378932881
(0.13999999999999999, 0.16, 0.27) 0.003045508031184578
(0.13999999999999999, 0.16, 0.3) 0.003631388556188001
(0.13999999999999999, 0.18, 0.0) 0.0020059075061513794
(0.13999999999999999, 0.18, 0.03) 0.003023237692597323
(0.13999999999999999, 0.18, 0.06) 0.003157570562247222
(0.13999999999999999, 0.18, 0.09) 0.0026636673954615266
(0.13999999999999999, 0.18, 0.12) 0.0019628116803765442
(0.13999999999999999, 0.18, 0.15) 0.00302531086493383
(0.13999999999999999, 0.18, 0.18) 0.0026486130570696586
(0.13999999999999999, 0.18, 0.21) 0.003530558272084744
(0.13999999999999999, 0.18, 0.24) 0.0016827036512585436
(0.13999999999999999, 0.18, 0.27) 0.003337400311379948
(0.13999999999999999, 0.18, 0.3) 0.002454616693612779
(0.13999999999999999, 0.2, 0.0) 0.0030006326031680906
(0.13999999999999999, 0.2, 0.03) 0.0027164472736029184
(0.13999999999999999, 0.2, 0.06) 0.0030270588492534805
(0.13999999999999999, 0.2, 0.09) 0.0034439316663569253
(0.13999999999999999, 0.2, 0.12) 0.00324074861592776
(0.13999999999999999, 0.2, 0.15) 0.0034914139950065035
(0.13999999999999999, 0.2, 0.18) 0.0035376674990293252
(0.13999999999999999, 0.2, 0.21) 0.0022701753373923837
(0.13999999999999999, 0.2, 0.24) 0.003637439800857773
(0.13999999999999999, 0.2, 0.27) 0.0028494753380565634
(0.13999999999999999, 0.2, 0.3) 0.003476719761912633
(0.27999999999999997, 0.0, 0.0) 0.0027643525966182985
(0.27999999999999997, 0.0, 0.03) 0.002584209832172921
(0.27999999999999997, 0.0, 0.06) 0.0032453808350525496
(0.27999999999999997, 0.0, 0.09) 0.003155763611158945
(0.27999999999999997, 0.0, 0.12) 0.0029784061004774092
(0.27999999999999997, 0.0, 0.15) 0.002765323255655219
(0.27999999999999997, 0.0, 0.18) 0.00246180248611626
(0.27999999999999997, 0.0, 0.21) 0.002772500739562446
(0.27999999999999997, 0.0, 0.24) 0.0025656737689531313
(0.27999999999999997, 0.0, 0.27) 0.0023059341427985264
(0.27999999999999997, 0.0, 0.3) 0.0016083227074289502
(0.27999999999999997, 0.02, 0.0) 0.002859848343527657
(0.27999999999999997, 0.02, 0.03) 0.0027251647102723925
(0.27999999999999997, 0.02, 0.06) 0.00216264925089724
(0.27999999999999997, 0.02, 0.09) 0.0033562454566202172
(0.27999999999999997, 0.02, 0.12) 0.002417317840257835
(0.27999999999999997, 0.02, 0.15) 0.0031254473557611657
(0.27999999999999997, 0.02, 0.18) 0.0022704867347530873
(0.27999999999999997, 0.02, 0.21) 0.0018471230777942853
(0.27999999999999997, 0.02, 0.24) 0.0019259391403630933
(0.27999999999999997, 0.02, 0.27) 0.002184595477908972
(0.27999999999999997, 0.02, 0.3) 0.0016014958532648638
(0.27999999999999997, 0.04, 0.0) 0.0024902024542138488
(0.27999999999999997, 0.04, 0.03) 0.0029428185974071167
(0.27999999999999997, 0.04, 0.06) 0.002129511738118964
(0.27999999999999997, 0.04, 0.09) 0.0022883483692732777
(0.27999999999999997, 0.04, 0.12) 0.0030310710676459923
(0.27999999999999997, 0.04, 0.15) 0.0026444123454352647
(0.27999999999999997, 0.04, 0.18) 0.0028014463100531285
(0.27999999999999997, 0.04, 0.21) 0.0025110888701945174
(0.27999999999999997, 0.04, 0.24) 0.0023035776510358526
(0.27999999999999997, 0.04, 0.27) 0.0022829085521497167
(0.27999999999999997, 0.04, 0.3) 0.0027849076105149057
(0.27999999999999997, 0.06, 0.0) 0.002812932424883576
(0.27999999999999997, 0.06, 0.03) 0.0024228402192387273
(0.27999999999999997, 0.06, 0.06) 0.0029758144869035273
(0.27999999999999997, 0.06, 0.09) 0.0028075439951411436
(0.27999999999999997, 0.06, 0.12) 0.0022558884570824346
(0.27999999999999997, 0.06, 0.15) 0.002907027356240658
(0.27999999999999997, 0.06, 0.18) 0.0028712563180084564
(0.27999999999999997, 0.06, 0.21) 0.002755254558861378
(0.27999999999999997, 0.06, 0.24) 0.0026148643434412843
(0.27999999999999997, 0.06, 0.27) 0.002475415826953738
(0.27999999999999997, 0.06, 0.3) 0.0017591875370222903
(0.27999999999999997, 0.08, 0.0) 0.003147729714125959
(0.27999999999999997, 0.08, 0.03) 0.0029683148203556177
(0.27999999999999997, 0.08, 0.06) 0.0026751252612822254
(0.27999999999999997, 0.08, 0.09) 0.0028927187945269285
(0.27999999999999997, 0.08, 0.12) 0.002595522456642301
(0.27999999999999997, 0.08, 0.15) 0.002195204573058178
(0.27999999999999997, 0.08, 0.18) 0.0025476149807571176
(0.27999999999999997, 0.08, 0.21) 0.0029138760905286277
(0.27999999999999997, 0.08, 0.24) 0.002215010650014169
(0.27999999999999997, 0.08, 0.27) 0.0019429937411593017
(0.27999999999999997, 0.08, 0.3) 0.0022761191485924704
(0.27999999999999997, 0.1, 0.0) 0.0024553295865387373
(0.27999999999999997, 0.1, 0.03) 0.0027662104610983785
(0.27999999999999997, 0.1, 0.06) 0.0028133848641285672
(0.27999999999999997, 0.1, 0.09) 0.0013932046563135438
(0.27999999999999997, 0.1, 0.12) 0.0024703126516218603
(0.27999999999999997, 0.1, 0.15) 0.003002562386793148
(0.27999999999999997, 0.1, 0.18) 0.002333055810197007
(0.27999999999999997, 0.1, 0.21) 0.0022973626087602838
(0.27999999999999997, 0.1, 0.24) 0.002823804487945306
(0.27999999999999997, 0.1, 0.27) 0.0020052047711731254
(0.27999999999999997, 0.1, 0.3) 0.002606465041051566
(0.27999999999999997, 0.12, 0.0) 0.0023583217795939055
(0.27999999999999997, 0.12, 0.03) 0.002849423261894898
(0.27999999999999997, 0.12, 0.06) 0.0030405973781382797
(0.27999999999999997, 0.12, 0.09) 0.002441053558802434
(0.27999999999999997, 0.12, 0.12) 0.0024025271678164055
(0.27999999999999997, 0.12, 0.15) 0.002290010269157655
(0.27999999999999997, 0.12, 0.18) 0.0019478350922916123
(0.27999999999999997, 0.12, 0.21) 0.002354348950870354
(0.27999999999999997, 0.12, 0.24) 0.0024763464052436324
(0.27999999999999997, 0.12, 0.27) 0.0020526029065166865
(0.27999999999999997, 0.12, 0.3) 0.002759070421132284
(0.27999999999999997, 0.14, 0.0) 0.0026522475433884427
(0.27999999999999997, 0.14, 0.03) 0.002823189457148256
(0.27999999999999997, 0.14, 0.06) 0.0026205868806105544
(0.27999999999999997, 0.14, 0.09) 0.001849042359900494
(0.27999999999999997, 0.14, 0.12) 0.0030481626222924065
(0.27999999999999997, 0.14, 0.15) 0.002928903940591914
(0.27999999999999997, 0.14, 0.18) 0.0026589217212447795
(0.27999999999999997, 0.14, 0.21) 0.0034503041859514604
(0.27999999999999997, 0.14, 0.24) 0.0031438468439108614
(0.27999999999999997, 0.14, 0.27) 0.002370718728671199
(0.27999999999999997, 0.14, 0.3) 0.002877902370201956
(0.27999999999999997, 0.16, 0.0) 0.003257375303082352
(0.27999999999999997, 0.16, 0.03) 0.0026992804880782402
(0.27999999999999997, 0.16, 0.06) 0.0024464858003960957
(0.27999999999999997, 0.16, 0.09) 0.002976970241135125
(0.27999999999999997, 0.16, 0.12) 0.0032421924497591016
(0.27999999999999997, 0.16, 0.15) 0.0029096023362696326
(0.27999999999999997, 0.16, 0.18) 0.002954129981498985
(0.27999999999999997, 0.16, 0.21) 0.0025994151312627002
(0.27999999999999997, 0.16, 0.24) 0.0024320533469470726
(0.27999999999999997, 0.16, 0.27) 0.0028199464220739906
(0.27999999999999997, 0.16, 0.3) 0.0029971967234696385
(0.27999999999999997, 0.18, 0.0) 0.0021868390250103973
(0.27999999999999997, 0.18, 0.03) 0.0027854835808553517
(0.27999999999999997, 0.18, 0.06) 0.003586097132264378
(0.27999999999999997, 0.18, 0.09) 0.0031530173636004698
(0.27999999999999997, 0.18, 0.12) 0.002658848872855796
(0.27999999999999997, 0.18, 0.15) 0.0031358652260822556
(0.27999999999999997, 0.18, 0.18) 0.0028585658662727614
(0.27999999999999997, 0.18, 0.21) 0.0025561596469084835
(0.27999999999999997, 0.18, 0.24) 0.0029696957485110475
(0.27999999999999997, 0.18, 0.27) 0.0034080866780337405
(0.27999999999999997, 0.18, 0.3) 0.0036788031078244386
(0.27999999999999997, 0.2, 0.0) 0.003446179833592348
(0.27999999999999997, 0.2, 0.03) 0.003331731474402871
(0.27999999999999997, 0.2, 0.06) 0.0029537136782768715
(0.27999999999999997, 0.2, 0.09) 0.0031335028595327573
(0.27999999999999997, 0.2, 0.12) 0.002857871946451007
(0.27999999999999997, 0.2, 0.15) 0.003560498827721734
(0.27999999999999997, 0.2, 0.18) 0.003138150102589014
(0.27999999999999997, 0.2, 0.21) 0.002529025342511905
(0.27999999999999997, 0.2, 0.24) 0.003909998424136418
(0.27999999999999997, 0.2, 0.27) 0.0030329443586261497
(0.27999999999999997, 0.2, 0.3) 0.004265579181412478
(0.41999999999999993, 0.0, 0.0) 0.0029614522858290434
(0.41999999999999993, 0.0, 0.03) 0.00267272610109819
(0.41999999999999993, 0.0, 0.06) 0.0027670295480614936
(0.41999999999999993, 0.0, 0.09) 0.003056014034039366
(0.41999999999999993, 0.0, 0.12) 0.0028276428260996787
(0.41999999999999993, 0.0, 0.15) 0.0027797849707497514
(0.41999999999999993, 0.0, 0.18) 0.0030909259557259736
(0.41999999999999993, 0.0, 0.21) 0.0022756626223021034
(0.41999999999999993, 0.0, 0.24) 0.0020577583146066066
(0.41999999999999993, 0.0, 0.27) 0.002397152250301891
(0.41999999999999993, 0.0, 0.3) 0.0015756226159001675
(0.41999999999999993, 0.02, 0.0) 0.00308433749986085
(0.41999999999999993, 0.02, 0.03) 0.0031943140983585294
(0.41999999999999993, 0.02, 0.06) 0.0026029304437120214
(0.41999999999999993, 0.02, 0.09) 0.0026284404059619413
(0.41999999999999993, 0.02, 0.12) 0.003028137562533861
(0.41999999999999993, 0.02, 0.15) 0.0025010672062167885
(0.41999999999999993, 0.02, 0.18) 0.002721077720505198
(0.41999999999999993, 0.02, 0.21) 0.002501442545003721
(0.41999999999999993, 0.02, 0.24) 0.0026167474689529143
(0.41999999999999993, 0.02, 0.27) 0.0022857603540951963
(0.41999999999999993, 0.02, 0.3) 0.0024585710840110274
(0.41999999999999993, 0.04, 0.0) 0.003567991403011584
(0.41999999999999993, 0.04, 0.03) 0.002996516692110698
(0.41999999999999993, 0.04, 0.06) 0.003152777639144704
(0.41999999999999993, 0.04, 0.09) 0.0026380489488063213
(0.41999999999999993, 0.04, 0.12) 0.0025920903457736996
(0.41999999999999993, 0.04, 0.15) 0.0027103972675638047
(0.41999999999999993, 0.04, 0.18) 0.0025207203931388975
(0.41999999999999993, 0.04, 0.21) 0.002127982947218141
(0.41999999999999993, 0.04, 0.24) 0.002623768357956981
(0.41999999999999993, 0.04, 0.27) 0.0019584525897756483
(0.41999999999999993, 0.04, 0.3) 0.0021003360561704524
(0.41999999999999993, 0.06, 0.0) 0.002596128335342695
(0.41999999999999993, 0.06, 0.03) 0.0025138461336960344
(0.41999999999999993, 0.06, 0.06) 0.003154956012614022
(0.41999999999999993, 0.06, 0.09) 0.0025312671529120327
(0.41999999999999993, 0.06, 0.12) 0.00263715685225201
(0.41999999999999993, 0.06, 0.15) 0.0027671989515898198
(0.41999999999999993, 0.06, 0.18) 0.0022310430448124544
(0.41999999999999993, 0.06, 0.21) 0.0023395804560463035
(0.41999999999999993, 0.06, 0.24) 0.0023088500022136293
(0.41999999999999993, 0.06, 0.27) 0.0024771763900238585
(0.41999999999999993, 0.06, 0.3) 0.003166508220723814
(0.41999999999999993, 0.08, 0.0) 0.0029384940937733804
(0.41999999999999993, 0.08, 0.03) 0.0027497201099889648
(0.41999999999999993, 0.08, 0.06) 0.002089256614234174
(0.41999999999999993, 0.08, 0.09) 0.00205396962280507
(0.41999999999999993, 0.08, 0.12) 0.0018287489328488687
(0.41999999999999993, 0.08, 0.15) 0.0026584622571683932
(0.41999999999999993, 0.08, 0.18) 0.0025958678021257803
(0.41999999999999993, 0.08, 0.21) 0.0021675786476999764
(0.41999999999999993, 0.08, 0.24) 0.0026847352434597764
(0.41999999999999993, 0.08, 0.27) 0.002163752107572195
(0.41999999999999993, 0.08, 0.3) 0.002182666874603023
(0.41999999999999993, 0.1, 0.0) 0.0026472817243543513
(0.41999999999999993, 0.1, 0.03) 0.002555820029190158
(0.41999999999999993, 0.1, 0.06) 0.002318026397872738
(0.41999999999999993, 0.1, 0.09) 0.002665277444817811
(0.41999999999999993, 0.1, 0.12) 0.002710621413901375
(0.41999999999999993, 0.1, 0.15) 0.00318809027281551
(0.41999999999999993, 0.1, 0.18) 0.0024224652038936163
(0.41999999999999993, 0.1, 0.21) 0.001854967676970199
(0.41999999999999993, 0.1, 0.24) 0.001988907693261373
(0.41999999999999993, 0.1, 0.27) 0.0025142800809714616
(0.41999999999999993, 0.1, 0.3) 0.002766077894117858
(0.41999999999999993, 0.12, 0.0) 0.002645536565327806
(0.41999999999999993, 0.12, 0.03) 0.002679569992184057
(0.41999999999999993, 0.12, 0.06) 0.002985158887732582
(0.41999999999999993, 0.12, 0.09) 0.0026190937609950034
(0.41999999999999993, 0.12, 0.12) 0.0031786365359231547
(0.41999999999999993, 0.12, 0.15) 0.0028503291989474214
(0.41999999999999993, 0.12, 0.18) 0.0029485815191295133
(0.41999999999999993, 0.12, 0.21) 0.0019524936413324498
(0.41999999999999993, 0.12, 0.24) 0.0022492303985674174
(0.41999999999999993, 0.12, 0.27) 0.0027126834113827382
(0.41999999999999993, 0.12, 0.3) 0.003006753012675463
(0.41999999999999993, 0.14, 0.0) 0.003499782528250701
(0.41999999999999993, 0.14, 0.03) 0.0024136541042897694
(0.41999999999999993, 0.14, 0.06) 0.0029948141777596817
(0.41999999999999993, 0.14, 0.09) 0.002722751642824397
(0.41999999999999993, 0.14, 0.12) 0.002925005525152637
(0.41999999999999993, 0.14, 0.15) 0.002853587502548951
(0.41999999999999993, 0.14, 0.18) 0.0030681321184249334
(0.41999999999999993, 0.14, 0.21) 0.002442387218148398
(0.41999999999999993, 0.14, 0.24) 0.00266321544624181
(0.41999999999999993, 0.14, 0.27) 0.0025794054603661045
(0.41999999999999993, 0.14, 0.3) 0.0020941523443241215
(0.41999999999999993, 0.16, 0.0) 0.0033976011794642135
(0.41999999999999993, 0.16, 0.03) 0.0030940409583949274
(0.41999999999999993, 0.16, 0.06) 0.0028913357881766738
(0.41999999999999993, 0.16, 0.09) 0.0027087582103040753
(0.41999999999999993, 0.16, 0.12) 0.003320933657224688
(0.41999999999999993, 0.16, 0.15) 0.0033116770057136915
(0.41999999999999993, 0.16, 0.18) 0.0029986495655181726
(0.41999999999999993, 0.16, 0.21) 0.0036120003459906235
(0.41999999999999993, 0.16, 0.24) 0.0034824603243412047
(0.41999999999999993, 0.16, 0.27) 0.002433490940284804
(0.41999999999999993, 0.16, 0.3) 0.003218037722721031
(0.41999999999999993, 0.18, 0.0) 0.0034547441764136437
(0.41999999999999993, 0.18, 0.03) 0.0027732735422849866
(0.41999999999999993, 0.18, 0.06) 0.003180498151723849
(0.41999999999999993, 0.18, 0.09) 0.0025188655060056704
(0.41999999999999993, 0.18, 0.12) 0.0021481004848754306
(0.41999999999999993, 0.18, 0.15) 0.0026476993835469554
(0.41999999999999993, 0.18, 0.18) 0.0027823073806754264
(0.41999999999999993, 0.18, 0.21) 0.0029544357509827283
(0.41999999999999993, 0.18, 0.24) 0.0037676243667166594
(0.41999999999999993, 0.18, 0.27) 0.0031789213932894825
(0.41999999999999993, 0.18, 0.3) 0.0034832456675951196
(0.41999999999999993, 0.2, 0.0) 0.0022262334535643295
(0.41999999999999993, 0.2, 0.03) 0.0028667205689235946
(0.41999999999999993, 0.2, 0.06) 0.0030783098104022783
(0.41999999999999993, 0.2, 0.09) 0.00351015410449085
(0.41999999999999993, 0.2, 0.12) 0.002825691168909786
(0.41999999999999993, 0.2, 0.15) 0.003377555522384349
(0.41999999999999993, 0.2, 0.18) 0.002631228842692593
(0.41999999999999993, 0.2, 0.21) 0.0035976256512555926
(0.41999999999999993, 0.2, 0.24) 0.00307094355456806
(0.41999999999999993, 0.2, 0.27) 0.005649623961769181
(0.41999999999999993, 0.2, 0.3) 0.0027783112240683918
(0.5599999999999999, 0.0, 0.0) 0.0031629290532937822
(0.5599999999999999, 0.0, 0.03) 0.00313256590076789
(0.5599999999999999, 0.0, 0.06) 0.003373214402133968
(0.5599999999999999, 0.0, 0.09) 0.0028186915285551735
(0.5599999999999999, 0.0, 0.12) 0.003244086177122825
(0.5599999999999999, 0.0, 0.15) 0.002210112937649075
(0.5599999999999999, 0.0, 0.18) 0.0026696528750210606
(0.5599999999999999, 0.0, 0.21) 0.0023929883062401695
(0.5599999999999999, 0.0, 0.24) 0.002571525868661342
(0.5599999999999999, 0.0, 0.27) 0.002210920272853216
(0.5599999999999999, 0.0, 0.3) 0.002250490540772174
(0.5599999999999999, 0.02, 0.0) 0.002914326887969537
(0.5599999999999999, 0.02, 0.03) 0.0029018603959386517
(0.5599999999999999, 0.02, 0.06) 0.0026311394494298703
(0.5599999999999999, 0.02, 0.09) 0.0024681528631058836
(0.5599999999999999, 0.02, 0.12) 0.0027328030573159504
(0.5599999999999999, 0.02, 0.15) 0.0026412936901870658
(0.5599999999999999, 0.02, 0.18) 0.0025679073525940446
(0.5599999999999999, 0.02, 0.21) 0.0019811355515201487
(0.5599999999999999, 0.02, 0.24) 0.00279382527871775
(0.5599999999999999, 0.02, 0.27) 0.00185259784085096
(0.5599999999999999, 0.02, 0.3) 0.0020718658832810898
(0.5599999999999999, 0.04, 0.0) 0.003095464115221533
(0.5599999999999999, 0.04, 0.03) 0.002464713875731362
(0.5599999999999999, 0.04, 0.06) 0.002530043523890384
(0.5599999999999999, 0.04, 0.09) 0.0022896697059574204
(0.5599999999999999, 0.04, 0.12) 0.0024092909670851413
(0.5599999999999999, 0.04, 0.15) 0.002446837614450542
(0.5599999999999999, 0.04, 0.18) 0.0029319914173260592
(0.5599999999999999, 0.04, 0.21) 0.002247412450599261
(0.5599999999999999, 0.04, 0.24) 0.0026728597941455003
(0.5599999999999999, 0.04, 0.27) 0.002461286694040215
(0.5599999999999999, 0.04, 0.3) 0.002784901600266064
(0.5599999999999999, 0.06, 0.0) 0.003424603248326548
(0.5599999999999999, 0.06, 0.03) 0.0018231103806464052
(0.5599999999999999, 0.06, 0.06) 0.002765967138378383
(0.5599999999999999, 0.06, 0.09) 0.0020508915606862604
(0.5599999999999999, 0.06, 0.12) 0.002740017425368473
(0.5599999999999999, 0.06, 0.15) 0.00277571395798579
(0.5599999999999999, 0.06, 0.18) 0.0028133361409032323
(0.5599999999999999, 0.06, 0.21) 0.002288660654684645
(0.5599999999999999, 0.06, 0.24) 0.0020527660295949243
(0.5599999999999999, 0.06, 0.27) 0.002736697731504796
(0.5599999999999999, 0.06, 0.3) 0.002420376832269327
(0.5599999999999999, 0.08, 0.0) 0.0021458297989889437
(0.5599999999999999, 0.08, 0.03) 0.0030835367018423308
(0.5599999999999999, 0.08, 0.06) 0.0028456479966097402
(0.5599999999999999, 0.08, 0.09) 0.0030195937024259803
(0.5599999999999999, 0.08, 0.12) 0.0031650095593283556
(0.5599999999999999, 0.08, 0.15) 0.0017619643806311095
(0.5599999999999999, 0.08, 0.18) 0.0026851586329433717
(0.5599999999999999, 0.08, 0.21) 0.002503074996857641
(0.5599999999999999, 0.08, 0.24) 0.002222859249133706
(0.5599999999999999, 0.08, 0.27) 0.002582517976569367
(0.5599999999999999, 0.08, 0.3) 0.003170856024894135
(0.5599999999999999, 0.1, 0.0) 0.0025060319164459206
(0.5599999999999999, 0.1, 0.03) 0.0024709432572149934
(0.5599999999999999, 0.1, 0.06) 0.0027432679153900257
(0.5599999999999999, 0.1, 0.09) 0.0028897202453567004
(0.5599999999999999, 0.1, 0.12) 0.002741676742687615
(0.5599999999999999, 0.1, 0.15) 0.002209403913077049
(0.5599999999999999, 0.1, 0.18) 0.0023266721230040845
(0.5599999999999999, 0.1, 0.21) 0.0023586366407670834
(0.5599999999999999, 0.1, 0.24) 0.0023255346731630875
(0.5599999999999999, 0.1, 0.27) 0.0029400763449042577
(0.5599999999999999, 0.1, 0.3) 0.002620571745215363
(0.5599999999999999, 0.12, 0.0) 0.002546639040397683
(0.5599999999999999, 0.12, 0.03) 0.002830628798512102
(0.5599999999999999, 0.12, 0.06) 0.0026939945883705753
(0.5599999999999999, 0.12, 0.09) 0.0025562647542998157
(0.5599999999999999, 0.12, 0.12) 0.0028696632124153346
(0.5599999999999999, 0.12, 0.15) 0.0029310597309209685
(0.5599999999999999, 0.12, 0.18) 0.0020884672926795517
(0.5599999999999999, 0.12, 0.21) 0.0024832646671850787
(0.5599999999999999, 0.12, 0.24) 0.0025903431344482504
(0.5599999999999999, 0.12, 0.27) 0.0032272058763210356
(0.5599999999999999, 0.12, 0.3) 0.002794126403979053
(0.5599999999999999, 0.14, 0.0) 0.0028955840829508637
(0.5599999999999999, 0.14, 0.03) 0.0030841408165203773
(0.5599999999999999, 0.14, 0.06) 0.0027756902025013967
(0.5599999999999999, 0.14, 0.09) 0.002985602025419026
(0.5599999999999999, 0.14, 0.12) 0.0022870301389293557
(0.5599999999999999, 0.14, 0.15) 0.002075862207014651
(0.5599999999999999, 0.14, 0.18) 0.0028676973516677815
(0.5599999999999999, 0.14, 0.21) 0.0023121801584570193
(0.5599999999999999, 0.14, 0.24) 0.002855710985161161
(0.5599999999999999, 0.14, 0.27) 0.0028678660572177385
(0.5599999999999999, 0.14, 0.3) 0.0028140266094405673
(0.5599999999999999, 0.16, 0.0) 0.0027933624698170314
(0.5599999999999999, 0.16, 0.03) 0.0032465957738891478
(0.5599999999999999, 0.16, 0.06) 0.002850661967941439
(0.5599999999999999, 0.16, 0.09) 0.0026843317135518048
(0.5599999999999999, 0.16, 0.12) 0.0026851669108056454
(0.5599999999999999, 0.16, 0.15) 0.002819442905851486
(0.5599999999999999, 0.16, 0.18) 0.0025300624246920697
(0.5599999999999999, 0.16, 0.21) 0.00243972238700969
(0.5599999999999999, 0.16, 0.24) 0.0032885173447649908
(0.5599999999999999, 0.16, 0.27) 0.003885987384369001
(0.5599999999999999, 0.16, 0.3) 0.003225860192700306
(0.5599999999999999, 0.18, 0.0) 0.0028269038827075273
(0.5599999999999999, 0.18, 0.03) 0.002888584152372143
(0.5599999999999999, 0.18, 0.06) 0.0036024339031428456
(0.5599999999999999, 0.18, 0.09) 0.0030665006150548562
(0.5599999999999999, 0.18, 0.12) 0.002632779921117525
(0.5599999999999999, 0.18, 0.15) 0.0025106247291361745
(0.5599999999999999, 0.18, 0.18) 0.0039834311051328355
(0.5599999999999999, 0.18, 0.21) 0.003208915222099633
(0.5599999999999999, 0.18, 0.24) 0.002953442460588189
(0.5599999999999999, 0.18, 0.27) 0.0033421284137868826
(0.5599999999999999, 0.18, 0.3) 0.0034459090658423507
(0.5599999999999999, 0.2, 0.0) 0.003112767743294761
(0.5599999999999999, 0.2, 0.03) 0.0034932491230693077
(0.5599999999999999, 0.2, 0.06) 0.0031366171830287596
(0.5599999999999999, 0.2, 0.09) 0.003249166318073839
(0.5599999999999999, 0.2, 0.12) 0.0037395738741094566
(0.5599999999999999, 0.2, 0.15) 0.0032615813493756056
(0.5599999999999999, 0.2, 0.18) 0.004062112937084091
(0.5599999999999999, 0.2, 0.21) 0.004949809605999413
(0.5599999999999999, 0.2, 0.24) 0.003423161915050419
(0.5599999999999999, 0.2, 0.27) 0.005212495890688022
(0.5599999999999999, 0.2, 0.3) 0.004383566712304456
(0.7, 0.0, 0.0) 0.003167733049966584
(0.7, 0.0, 0.03) 0.003103568198231573
(0.7, 0.0, 0.06) 0.002436449569700229
(0.7, 0.0, 0.09) 0.002536807877466061
(0.7, 0.0, 0.12) 0.002661723611451834
(0.7, 0.0, 0.15) 0.00145805624951854
(0.7, 0.0, 0.18) 0.00269814216359523
(0.7, 0.0, 0.21) 0.0026285399341062802
(0.7, 0.0, 0.24) 0.0026547026808662927
(0.7, 0.0, 0.27) 0.002122492487018101
(0.7, 0.0, 0.3) 0.00215295546569191
(0.7, 0.02, 0.0) 0.0030872566361191513
(0.7, 0.02, 0.03) 0.003146360121202505
(0.7, 0.02, 0.06) 0.0025811156065656754
(0.7, 0.02, 0.09) 0.002241667109676094
(0.7, 0.02, 0.12) 0.001959523402665725
(0.7, 0.02, 0.15) 0.0019780072023886123
(0.7, 0.02, 0.18) 0.0026980111329511
(0.7, 0.02, 0.21) 0.0024965972629189094
(0.7, 0.02, 0.24) 0.002237475956038044
(0.7, 0.02, 0.27) 0.00236850282025635
(0.7, 0.02, 0.3) 0.0023906152102697326
(0.7, 0.04, 0.0) 0.002845444863211311
(0.7, 0.04, 0.03) 0.002891034995991077
(0.7, 0.04, 0.06) 0.0030592764025929803
(0.7, 0.04, 0.09) 0.0031056840130986667
(0.7, 0.04, 0.12) 0.002284233872786146
(0.7, 0.04, 0.15) 0.002405974298274729
(0.7, 0.04, 0.18) 0.001803324796887318
(0.7, 0.04, 0.21) 0.0027282878370064483
(0.7, 0.04, 0.24) 0.002889622283533621
(0.7, 0.04, 0.27) 0.0030134263177261935
(0.7, 0.04, 0.3) 0.0023397222692175335
(0.7, 0.06, 0.0) 0.002641650516244899
(0.7, 0.06, 0.03) 0.0029412975349325165
(0.7, 0.06, 0.06) 0.002683513789648446
(0.7, 0.06, 0.09) 0.0028790601154670904
(0.7, 0.06, 0.12) 0.0027511864285336726
(0.7, 0.06, 0.15) 0.00280048975014655
(0.7, 0.06, 0.18) 0.002858771896341725
(0.7, 0.06, 0.21) 0.002075026124395187
(0.7, 0.06, 0.24) 0.0021443949743581176
(0.7, 0.06, 0.27) 0.001981882825148151
(0.7, 0.06, 0.3) 0.0023195454141878014
(0.7, 0.08, 0.0) 0.002717903651921003
(0.7, 0.08, 0.03) 0.0026290653284986748
(0.7, 0.08, 0.06) 0.003107158833325421
(0.7, 0.08, 0.09) 0.0031089161111975587
(0.7, 0.08, 0.12) 0.0029408387166458883
(0.7, 0.08, 0.15) 0.0025020825001155233
(0.7, 0.08, 0.18) 0.0020210899118496164
(0.7, 0.08, 0.21) 0.0031986940593478367
(0.7, 0.08, 0.24) 0.00278452699968883
(0.7, 0.08, 0.27) 0.0018629358031180942
(0.7, 0.08, 0.3) 0.0016965103099571908
(0.7, 0.1, 0.0) 0.002778318201896793
(0.7, 0.1, 0.03) 0.0019702210347455934
(0.7, 0.1, 0.06) 0.0021867216567028266
(0.7, 0.1, 0.09) 0.002363701358405189
(0.7, 0.1, 0.12) 0.0026111176829710417
(0.7, 0.1, 0.15) 0.002735630961570411
(0.7, 0.1, 0.18) 0.0025052467043499933
(0.7, 0.1, 0.21) 0.0028660273078511865
(0.7, 0.1, 0.24) 0.0025552996185280916
(0.7, 0.1, 0.27) 0.002415786386045789
(0.7, 0.1, 0.3) 0.0028411530283771937
(0.7, 0.12, 0.0) 0.0032272556217484896
(0.7, 0.12, 0.03) 0.0032277984982612444
(0.7, 0.12, 0.06) 0.0018421673537250154
(0.7, 0.12, 0.09) 0.002468572391245415
(0.7, 0.12, 0.12) 0.003305050125617754
(0.7, 0.12, 0.15) 0.0029835477042254276
(0.7, 0.12, 0.18) 0.0029445231030437646
(0.7, 0.12, 0.21) 0.0026224997264087503
(0.7, 0.12, 0.24) 0.002957054299903063
(0.7, 0.12, 0.27) 0.0017443000807874473
(0.7, 0.12, 0.3) 0.0024453591446921786
(0.7, 0.14, 0.0) 0.002958549177116575
(0.7, 0.14, 0.03) 0.0030185217684068548
(0.7, 0.14, 0.06) 0.0027884699272969415
(0.7, 0.14, 0.09) 0.0024200637724178693
(0.7, 0.14, 0.12) 0.002389481497830179
(0.7, 0.14, 0.15) 0.0021173195296580534
(0.7, 0.14, 0.18) 0.0030520759187644335
(0.7, 0.14, 0.21) 0.002106778897801629
(0.7, 0.14, 0.24) 0.002563738195714585
(0.7, 0.14, 0.27) 0.002913178544991178
(0.7, 0.14, 0.3) 0.003283882363662967
(0.7, 0.16, 0.0) 0.003052962501401896
(0.7, 0.16, 0.03) 0.0022065392094095973
(0.7, 0.16, 0.06) 0.003442756670681424
(0.7, 0.16, 0.09) 0.0029415333154589616
(0.7, 0.16, 0.12) 0.0029010171191658288
(0.7, 0.16, 0.15) 0.002766527182570977
(0.7, 0.16, 0.18) 0.0035344311982432484
(0.7, 0.16, 0.21) 0.003186585330818708
(0.7, 0.16, 0.24) 0.002566765165453807
(0.7, 0.16, 0.27) 0.003178614990468749
(0.7, 0.16, 0.3) 0.003715061864404697
(0.7, 0.18, 0.0) 0.0034997044927423354
(0.7, 0.18, 0.03) 0.003697962839171555
(0.7, 0.18, 0.06) 0.0030020375637939962
(0.7, 0.18, 0.09) 0.003296707509356447
(0.7, 0.18, 0.12) 0.0036253174812983196
(0.7, 0.18, 0.15) 0.0020615628456833574
(0.7, 0.18, 0.18) 0.003925132704385528
(0.7, 0.18, 0.21) 0.003252876737921761
(0.7, 0.18, 0.24) 0.0027039490312646868
(0.7, 0.18, 0.27) 0.003355737618617825
(0.7, 0.18, 0.3) 0.003774051565936834
(0.7, 0.2, 0.0) 0.0033431338594509434
(0.7, 0.2, 0.03) 0.0036152906562654805
(0.7, 0.2, 0.06) 0.0027335955010234763
(0.7, 0.2, 0.09) 0.0029809678843115686
(0.7, 0.2, 0.12) 0.002792573366857044
(0.7, 0.2, 0.15) 0.0035659282487503817
(0.7, 0.2, 0.18) 0.0035449097440738474
(0.7, 0.2, 0.21) 0.0038937317195017708
(0.7, 0.2, 0.24) 0.003537034991821002
(0.7, 0.2, 0.27) 0.003680870409226121
(0.7, 0.2, 0.3) 0.004627145140901221
(0.8399999999999999, 0.0, 0.0) 0.0031291222847931407
(0.8399999999999999, 0.0, 0.03) 0.0030133322044226074
(0.8399999999999999, 0.0, 0.06) 0.0025928719368587478
(0.8399999999999999, 0.0, 0.09) 0.002413609381742122
(0.8399999999999999, 0.0, 0.12) 0.0022196868187504977
(0.8399999999999999, 0.0, 0.15) 0.0023063202766648292
(0.8399999999999999, 0.0, 0.18) 0.0023087347479837234
(0.8399999999999999, 0.0, 0.21) 0.002726239692462298
(0.8399999999999999, 0.0, 0.24) 0.002719057538612704
(0.8399999999999999, 0.0, 0.27) 0.003006562198380336
(0.8399999999999999, 0.0, 0.3) 0.002880527254007079
(0.8399999999999999, 0.02, 0.0) 0.0024213281065286955
(0.8399999999999999, 0.02, 0.03) 0.0018162560488822878
(0.8399999999999999, 0.02, 0.06) 0.002566434959588855
(0.8399999999999999, 0.02, 0.09) 0.002108964969627719
(0.8399999999999999, 0.02, 0.12) 0.0019883030227906408
(0.8399999999999999, 0.02, 0.15) 0.002238186640324302
(0.8399999999999999, 0.02, 0.18) 0.0029375145862244123
(0.8399999999999999, 0.02, 0.21) 0.0027199999662918376
(0.8399999999999999, 0.02, 0.24) 0.0024733632780898087
(0.8399999999999999, 0.02, 0.27) 0.002868494279709509
(0.8399999999999999, 0.02, 0.3) 0.0030619067270530025
(0.8399999999999999, 0.04, 0.0) 0.00249423085859276
(0.8399999999999999, 0.04, 0.03) 0.00299848601815901
(0.8399999999999999, 0.04, 0.06) 0.002426599990707852
(0.8399999999999999, 0.04, 0.09) 0.003110178962555141
(0.8399999999999999, 0.04, 0.12) 0.0029303229287682988
(0.8399999999999999, 0.04, 0.15) 0.0023321464118930763
(0.8399999999999999, 0.04, 0.18) 0.002005153322105374
(0.8399999999999999, 0.04, 0.21) 0.002301661851272086
(0.8399999999999999, 0.04, 0.24) 0.002316763810123138
(0.8399999999999999, 0.04, 0.27) 0.00255735836209907
(0.8399999999999999, 0.04, 0.3) 0.003059742247975157
(0.8399999999999999, 0.06, 0.0) 0.0030722485095616777
(0.8399999999999999, 0.06, 0.03) 0.002710807775938544
(0.8399999999999999, 0.06, 0.06) 0.0027433153868099114
(0.8399999999999999, 0.06, 0.09) 0.003148382271313818
(0.8399999999999999, 0.06, 0.12) 0.002728716228029623
(0.8399999999999999, 0.06, 0.15) 0.0028789804542206374
(0.8399999999999999, 0.06, 0.18) 0.0027273395869640894
(0.8399999999999999, 0.06, 0.21) 0.0027013849853224055
(0.8399999999999999, 0.06, 0.24) 0.0019224825290571454
(0.8399999999999999, 0.06, 0.27) 0.0027150690411369962
(0.8399999999999999, 0.06, 0.3) 0.002345202956769255
(0.8399999999999999, 0.08, 0.0) 0.0031741879562251006
(0.8399999999999999, 0.08, 0.03) 0.0026641403726657092
(0.8399999999999999, 0.08, 0.06) 0.002501116026978577
(0.8399999999999999, 0.08, 0.09) 0.002755751970492585
(0.8399999999999999, 0.08, 0.12) 0.002124326341477963
(0.8399999999999999, 0.08, 0.15) 0.0023669392403179853
(0.8399999999999999, 0.08, 0.18) 0.0026710554935524726
(0.8399999999999999, 0.08, 0.21) 0.0027803161822435862
(0.8399999999999999, 0.08, 0.24) 0.002377213947882811
(0.8399999999999999, 0.08, 0.27) 0.0029566727711336825
(0.8399999999999999, 0.08, 0.3) 0.002840402882189686
(0.8399999999999999, 0.1, 0.0) 0.0027822886204583153
(0.8399999999999999, 0.1, 0.03) 0.002845641813278358
(0.8399999999999999, 0.1, 0.06) 0.002674565996085547
(0.8399999999999999, 0.1, 0.09) 0.0027217121828299086
(0.8399999999999999, 0.1, 0.12) 0.002674997558493723
(0.8399999999999999, 0.1, 0.15) 0.00258704110209949
(0.8399999999999999, 0.1, 0.18) 0.002805501063760419
(0.8399999999999999, 0.1, 0.21) 0.002704039823507517
(0.8399999999999999, 0.1, 0.24) 0.0031082378183576015
(0.8399999999999999, 0.1, 0.27) 0.003230279611840894
(0.8399999999999999, 0.1, 0.3) 0.0021795262956685307
(0.8399999999999999, 0.12, 0.0) 0.003079142003802116
(0.8399999999999999, 0.12, 0.03) 0.0026126433698944337
(0.8399999999999999, 0.12, 0.06) 0.0025487032819785775
(0.8399999999999999, 0.12, 0.09) 0.003009190912078926
(0.8399999999999999, 0.12, 0.12) 0.0014384826091830285
(0.8399999999999999, 0.12, 0.15) 0.0027066245070268067
(0.8399999999999999, 0.12, 0.18) 0.0024733665834785696
(0.8399999999999999, 0.12, 0.21) 0.0022979296234253567
(0.8399999999999999, 0.12, 0.24) 0.002272795597945873
(0.8399999999999999, 0.12, 0.27) 0.0027741478405306614
(0.8399999999999999, 0.12, 0.3) 0.002643597885829612
(0.8399999999999999, 0.14, 0.0) 0.003161757579393988
(0.8399999999999999, 0.14, 0.03) 0.0025616048477372566
(0.8399999999999999, 0.14, 0.06) 0.0025476956429540056
(0.8399999999999999, 0.14, 0.09) 0.0031487068438556223
(0.8399999999999999, 0.14, 0.12) 0.0032058711735429607
(0.8399999999999999, 0.14, 0.15) 0.003172730158877466
(0.8399999999999999, 0.14, 0.18) 0.002684957139008143
(0.8399999999999999, 0.14, 0.21) 0.0027903884295168648
(0.8399999999999999, 0.14, 0.24) 0.0027719213524596163
(0.8399999999999999, 0.14, 0.27) 0.002556688131861075
(0.8399999999999999, 0.14, 0.3) 0.003171087442694357
(0.8399999999999999, 0.16, 0.0) 0.0030745033802966567
(0.8399999999999999, 0.16, 0.03) 0.0027189021236371123
(0.8399999999999999, 0.16, 0.06) 0.0031544050030823632
(0.8399999999999999, 0.16, 0.09) 0.002769892198730445
(0.8399999999999999, 0.16, 0.12) 0.0031366287593724315
(0.8399999999999999, 0.16, 0.15) 0.0031598023861480608
(0.8399999999999999, 0.16, 0.18) 0.0031383221511997322
(0.8399999999999999, 0.16, 0.21) 0.002839270259958307
(0.8399999999999999, 0.16, 0.24) 0.0036454103183822043
(0.8399999999999999, 0.16, 0.27) 0.0036556940101166568
(0.8399999999999999, 0.16, 0.3) 0.0026569407729377277
(0.8399999999999999, 0.18, 0.0) 0.0036189739888650685
(0.8399999999999999, 0.18, 0.03) 0.0025143606932303986
(0.8399999999999999, 0.18, 0.06) 0.003276736115344456
(0.8399999999999999, 0.18, 0.09) 0.0038422184817756833
(0.8399999999999999, 0.18, 0.12) 0.003459119276885854
(0.8399999999999999, 0.18, 0.15) 0.003579168001063111
(0.8399999999999999, 0.18, 0.18) 0.0032430040414159526
(0.8399999999999999, 0.18, 0.21) 0.0036363474633814346
(0.8399999999999999, 0.18, 0.24) 0.003868762535651563
(0.8399999999999999, 0.18, 0.27) 0.0038581416347479663
(0.8399999999999999, 0.18, 0.3) 0.00477274890621927
(0.8399999999999999, 0.2, 0.0) 0.004032753148820693
(0.8399999999999999, 0.2, 0.03) 0.003223087481617093
(0.8399999999999999, 0.2, 0.06) 0.003961268696866278
(0.8399999999999999, 0.2, 0.09) 0.004004024246763547
(0.8399999999999999, 0.2, 0.12) 0.0035165338231507967
(0.8399999999999999, 0.2, 0.15) 0.0033614157958181093
(0.8399999999999999, 0.2, 0.18) 0.0029846673599940895
(0.8399999999999999, 0.2, 0.21) 0.003999510386486454
(0.8399999999999999, 0.2, 0.24) 0.0037758342655045654
(0.8399999999999999, 0.2, 0.27) 0.0036224139949911486
(0.8399999999999999, 0.2, 0.3) 0.004966807298381178
(0.9799999999999999, 0.0, 0.0) 0.0032261200552705727
(0.9799999999999999, 0.0, 0.03) 0.0026691860857313266
(0.9799999999999999, 0.0, 0.06) 0.0022110011361112405
(0.9799999999999999, 0.0, 0.09) 0.001678822122427346
(0.9799999999999999, 0.0, 0.12) 0.002296858682426813
(0.9799999999999999, 0.0, 0.15) 0.002031200619538857
(0.9799999999999999, 0.0, 0.18) 0.002395590866281006
(0.9799999999999999, 0.0, 0.21) 0.0027821865479386357
(0.9799999999999999, 0.0, 0.24) 0.002156421507113096
(0.9799999999999999, 0.0, 0.27) 0.0024198254834369754
(0.9799999999999999, 0.0, 0.3) 0.0024463220635771625
(0.9799999999999999, 0.02, 0.0) 0.002695708853017535
(0.9799999999999999, 0.02, 0.03) 0.00281943411564264
(0.9799999999999999, 0.02, 0.06) 0.0025132541470312742
(0.9799999999999999, 0.02, 0.09) 0.0022547426539913625
(0.9799999999999999, 0.02, 0.12) 0.0023639675819628826
(0.9799999999999999, 0.02, 0.15) 0.002333129571401047
(0.9799999999999999, 0.02, 0.18) 0.0030665647616772893
(0.9799999999999999, 0.02, 0.21) 0.002637344460272732
(0.9799999999999999, 0.02, 0.24) 0.0023217316486959095
(0.9799999999999999, 0.02, 0.27) 0.002936823894782146
(0.9799999999999999, 0.02, 0.3) 0.0022645675023198497
(0.9799999999999999, 0.04, 0.0) 0.0029502890235037853
(0.9799999999999999, 0.04, 0.03) 0.0031068925646973006
(0.9799999999999999, 0.04, 0.06) 0.0030245462959748713
(0.9799999999999999, 0.04, 0.09) 0.002747254848208368
(0.9799999999999999, 0.04, 0.12) 0.0028519618648209953
(0.9799999999999999, 0.04, 0.15) 0.00325412462376192
(0.9799999999999999, 0.04, 0.18) 0.001222410850996548
(0.9799999999999999, 0.04, 0.21) 0.003361897021596086
(0.9799999999999999, 0.04, 0.24) 0.002171750152592493
(0.9799999999999999, 0.04, 0.27) 0.0026609717395797363
(0.9799999999999999, 0.04, 0.3) 0.0026552692283380776
(0.9799999999999999, 0.06, 0.0) 0.002664803754542294
(0.9799999999999999, 0.06, 0.03) 0.0027566053154273245
(0.9799999999999999, 0.06, 0.06) 0.0026303542200002026
(0.9799999999999999, 0.06, 0.09) 0.0031801551654180855
(0.9799999999999999, 0.06, 0.12) 0.002971604242621666
(0.9799999999999999, 0.06, 0.15) 0.00223648232720761
(0.9799999999999999, 0.06, 0.18) 0.002905226675241634
(0.9799999999999999, 0.06, 0.21) 0.0027867664771062868
(0.9799999999999999, 0.06, 0.24) 0.0027878587354815618
(0.9799999999999999, 0.06, 0.27) 0.0028981878911012527
(0.9799999999999999, 0.06, 0.3) 0.0030618807118564053
(0.9799999999999999, 0.08, 0.0) 0.002892329278998708
(0.9799999999999999, 0.08, 0.03) 0.0028254295709764965
(0.9799999999999999, 0.08, 0.06) 0.002677652872241839
(0.9799999999999999, 0.08, 0.09) 0.0028391007567336057
(0.9799999999999999, 0.08, 0.12) 0.002676230486891535
(0.9799999999999999, 0.08, 0.15) 0.0031923463826083096
(0.9799999999999999, 0.08, 0.18) 0.0031931133203368807
(0.9799999999999999, 0.08, 0.21) 0.0028992676140069825
(0.9799999999999999, 0.08, 0.24) 0.0026795045998493244
(0.9799999999999999, 0.08, 0.27) 0.0029175058406358716
(0.9799999999999999, 0.08, 0.3) 0.002605016561326553
(0.9799999999999999, 0.1, 0.0) 0.003251392641486655
(0.9799999999999999, 0.1, 0.03) 0.0030182461009625114
(0.9799999999999999, 0.1, 0.06) 0.003034414834708228
(0.9799999999999999, 0.1, 0.09) 0.002765416705006797
(0.9799999999999999, 0.1, 0.12) 0.0024237878497319312
(0.9799999999999999, 0.1, 0.15) 0.002994239289899879
(0.9799999999999999, 0.1, 0.18) 0.0026555790630437724
(0.9799999999999999, 0.1, 0.21) 0.003434462745688782
(0.9799999999999999, 0.1, 0.24) 0.0020743414082616545
(0.9799999999999999, 0.1, 0.27) 0.0030391757159972084
(0.9799999999999999, 0.1, 0.3) 0.0023655072523365143
(0.9799999999999999, 0.12, 0.0) 0.003132219779740771
(0.9799999999999999, 0.12, 0.03) 0.0029612011375098226
(0.9799999999999999, 0.12, 0.06) 0.002749675856140442
(0.9799999999999999, 0.12, 0.09) 0.0026433950685834087
(0.9799999999999999, 0.12, 0.12) 0.002885861290748689
(0.9799999999999999, 0.12, 0.15) 0.002434515439234774
(0.9799999999999999, 0.12, 0.18) 0.002778171601954317
(0.9799999999999999, 0.12, 0.21) 0.002999904130826079
(0.9799999999999999, 0.12, 0.24) 0.0028372917334648557
(0.9799999999999999, 0.12, 0.27) 0.0028566881391522614
(0.9799999999999999, 0.12, 0.3) 0.0024963489375615724
(0.9799999999999999, 0.14, 0.0) 0.003632168987613227
(0.9799999999999999, 0.14, 0.03) 0.0029136161931720937
(0.9799999999999999, 0.14, 0.06) 0.003188702118674843
(0.9799999999999999, 0.14, 0.09) 0.003090755929706089
(0.9799999999999999, 0.14, 0.12) 0.0031392936414567437
(0.9799999999999999, 0.14, 0.15) 0.002587207634886832
(0.9799999999999999, 0.14, 0.18) 0.0034984720082413883
(0.9799999999999999, 0.14, 0.21) 0.002844242915004102
(0.9799999999999999, 0.14, 0.24) 0.00308031274586746
(0.9799999999999999, 0.14, 0.27) 0.004141117530237406
(0.9799999999999999, 0.14, 0.3) 0.003506941901780861
(0.9799999999999999, 0.16, 0.0) 0.0036028487041807012
(0.9799999999999999, 0.16, 0.03) 0.00321237493317043
(0.9799999999999999, 0.16, 0.06) 0.003690783685779348
(0.9799999999999999, 0.16, 0.09) 0.0033772632339741245
(0.9799999999999999, 0.16, 0.12) 0.0030690551758386963
(0.9799999999999999, 0.16, 0.15) 0.0030379313061885066
(0.9799999999999999, 0.16, 0.18) 0.003414951170001056
(0.9799999999999999, 0.16, 0.21) 0.002642388058410649
(0.9799999999999999, 0.16, 0.24) 0.0036779992016405627
(0.9799999999999999, 0.16, 0.27) 0.0039220432418932616
(0.9799999999999999, 0.16, 0.3) 0.004333008925360545
(0.9799999999999999, 0.18, 0.0) 0.0031104282238801
(0.9799999999999999, 0.18, 0.03) 0.0036753456177420103
(0.9799999999999999, 0.18, 0.06) 0.004396592402831515
(0.9799999999999999, 0.18, 0.09) 0.003916781172591074
(0.9799999999999999, 0.18, 0.12) 0.0030698318313951483
(0.9799999999999999, 0.18, 0.15) 0.0037064086335004223
(0.9799999999999999, 0.18, 0.18) 0.00428099495311093
(0.9799999999999999, 0.18, 0.21) 0.004000518274215578
(0.9799999999999999, 0.18, 0.24) 0.0034806682207371314
(0.9799999999999999, 0.18, 0.27) 0.003416232960327202
(0.9799999999999999, 0.18, 0.3) 0.004421560541397471
(0.9799999999999999, 0.2, 0.0) 0.003471621720200686
(0.9799999999999999, 0.2, 0.03) 0.004271804497271691
(0.9799999999999999, 0.2, 0.06) 0.004169490255559439
(0.9799999999999999, 0.2, 0.09) 0.004110790187504429
(0.9799999999999999, 0.2, 0.12) 0.0034640487945936326
(0.9799999999999999, 0.2, 0.15) 0.0026587810266808353
(0.9799999999999999, 0.2, 0.18) 0.003374324610777859
(0.9799999999999999, 0.2, 0.21) 0.0036931196981134446
(0.9799999999999999, 0.2, 0.24) 0.0038818209192903585
(0.9799999999999999, 0.2, 0.27) 0.004370898087400692
(0.9799999999999999, 0.2, 0.3) 0.004981808241308618
(1.1199999999999999, 0.0, 0.0) 0.0025495697529173264
(1.1199999999999999, 0.0, 0.03) 0.0019289631196507165
(1.1199999999999999, 0.0, 0.06) 0.0024794376325863042
(1.1199999999999999, 0.0, 0.09) 0.0022903549478637264
(1.1199999999999999, 0.0, 0.12) 0.0025831913910044414
(1.1199999999999999, 0.0, 0.15) 0.002225941722267889
(1.1199999999999999, 0.0, 0.18) 0.003082780752458988
(1.1199999999999999, 0.0, 0.21) 0.002597619313347187
(1.1199999999999999, 0.0, 0.24) 0.002499130012476434
(1.1199999999999999, 0.0, 0.27) 0.0031271297617456407
(1.1199999999999999, 0.0, 0.3) 0.0023032816682578843
(1.1199999999999999, 0.02, 0.0) 0.001929631347573063
(1.1199999999999999, 0.02, 0.03) 0.002576609341358992
(1.1199999999999999, 0.02, 0.06) 0.002437043370002702
(1.1199999999999999, 0.02, 0.09) 0.0025367520261102947
(1.1199999999999999, 0.02, 0.12) 0.0025478257452563
(1.1199999999999999, 0.02, 0.15) 0.003269082327864947
(1.1199999999999999, 0.02, 0.18) 0.0025433109729783064
(1.1199999999999999, 0.02, 0.21) 0.002919692848454734
(1.1199999999999999, 0.02, 0.24) 0.0033359400038000656
(1.1199999999999999, 0.02, 0.27) 0.0022537923246238726
(1.1199999999999999, 0.02, 0.3) 0.002682614685642793
(1.1199999999999999, 0.04, 0.0) 0.0034006747948216874
(1.1199999999999999, 0.04, 0.03) 0.0033120156804848934
(1.1199999999999999, 0.04, 0.06) 0.003493935259902163
(1.1199999999999999, 0.04, 0.09) 0.0032881983663179486
(1.1199999999999999, 0.04, 0.12) 0.0034733689286259076
(1.1199999999999999, 0.04, 0.15) 0.003258475828738632
(1.1199999999999999, 0.04, 0.18) 0.0026894208482847763
(1.1199999999999999, 0.04, 0.21) 0.002511681326316533
(1.1199999999999999, 0.04, 0.24) 0.00304603892297049
(1.1199999999999999, 0.04, 0.27) 0.003271657148057139
(1.1199999999999999, 0.04, 0.3) 0.002185921372381365
(1.1199999999999999, 0.06, 0.0) 0.002157341810674757
(1.1199999999999999, 0.06, 0.03) 0.0028525678077750173
(1.1199999999999999, 0.06, 0.06) 0.0024830657460981607
(1.1199999999999999, 0.06, 0.09) 0.002688264274711411
(1.1199999999999999, 0.06, 0.12) 0.0027359845816809767
(1.1199999999999999, 0.06, 0.15) 0.0024490578655738285
(1.1199999999999999, 0.06, 0.18) 0.002700534827374907
(1.1199999999999999, 0.06, 0.21) 0.002093752234170614
(1.1199999999999999, 0.06, 0.24) 0.002815490497109998
(1.1199999999999999, 0.06, 0.27) 0.002566571370152001
(1.1199999999999999, 0.06, 0.3) 0.0032599273558441256
(1.1199999999999999, 0.08, 0.0) 0.003141081602001479
(1.1199999999999999, 0.08, 0.03) 0.0020797251944636367
(1.1199999999999999, 0.08, 0.06) 0.0029342200368450183
(1.1199999999999999, 0.08, 0.09) 0.0033952253850187287
(1.1199999999999999, 0.08, 0.12) 0.0027761785466902805
(1.1199999999999999, 0.08, 0.15) 0.002957193316037834
(1.1199999999999999, 0.08, 0.18) 0.0028850471031939603
(1.1199999999999999, 0.08, 0.21) 0.0025031946601204
(1.1199999999999999, 0.08, 0.24) 0.002823667908394576
(1.1199999999999999, 0.08, 0.27) 0.0025008648690224744
(1.1199999999999999, 0.08, 0.3) 0.0034794068439729688
(1.1199999999999999, 0.1, 0.0) 0.0027406787417631976
(1.1199999999999999, 0.1, 0.03) 0.0026153833071547367
(1.1199999999999999, 0.1, 0.06) 0.0031109616601538584
(1.1199999999999999, 0.1, 0.09) 0.0026868709047117244
(1.1199999999999999, 0.1, 0.12) 0.0034523600873917304
(1.1199999999999999, 0.1, 0.15) 0.002606183868471223
(1.1199999999999999, 0.1, 0.18) 0.0032350614036447027
(1.1199999999999999, 0.1, 0.21) 0.003134787204331127
(1.1199999999999999, 0.1, 0.24) 0.002491685771561852
(1.1199999999999999, 0.1, 0.27) 0.0030074697927484615
(1.1199999999999999, 0.1, 0.3) 0.0037181955239698203
(1.1199999999999999, 0.12, 0.0) 0.0031264656576674276
(1.1199999999999999, 0.12, 0.03) 0.0030431672654735844
(1.1199999999999999, 0.12, 0.06) 0.0031031655276961174
(1.1199999999999999, 0.12, 0.09) 0.0028268570484418576
(1.1199999999999999, 0.12, 0.12) 0.003161030254781231
(1.1199999999999999, 0.12, 0.15) 0.0030015188268228423
(1.1199999999999999, 0.12, 0.18) 0.0033721321183493454
(1.1199999999999999, 0.12, 0.21) 0.0031539186840986483
(1.1199999999999999, 0.12, 0.24) 0.0034167173071793346
(1.1199999999999999, 0.12, 0.27) 0.0040466475357589
(1.1199999999999999, 0.12, 0.3) 0.003690343366603112
(1.1199999999999999, 0.14, 0.0) 0.0031293646546193214
(1.1199999999999999, 0.14, 0.03) 0.0032435763701072515
(1.1199999999999999, 0.14, 0.06) 0.0038450394835826893
(1.1199999999999999, 0.14, 0.09) 0.0033438305979024297
(1.1199999999999999, 0.14, 0.12) 0.003159104392671135
(1.1199999999999999, 0.14, 0.15) 0.0028765336899211976
(1.1199999999999999, 0.14, 0.18) 0.0031715748081193188
(1.1199999999999999, 0.14, 0.21) 0.0035598405274542165
(1.1199999999999999, 0.14, 0.24) 0.0039053515799418598
(1.1199999999999999, 0.14, 0.27) 0.0024833744908750155
(1.1199999999999999, 0.14, 0.3) 0.0031119661018500335
(1.1199999999999999, 0.16, 0.0) 0.0032296000141759334
(1.1199999999999999, 0.16, 0.03) 0.0037729815047709324
(1.1199999999999999, 0.16, 0.06) 0.003366749983835849
(1.1199999999999999, 0.16, 0.09) 0.003117958277010409
(1.1199999999999999, 0.16, 0.12) 0.0032009612327285383
(1.1199999999999999, 0.16, 0.15) 0.0033741179775484235
(1.1199999999999999, 0.16, 0.18) 0.0034210286216166076
(1.1199999999999999, 0.16, 0.21) 0.003979138872929605
(1.1199999999999999, 0.16, 0.24) 0.0031764364360770195
(1.1199999999999999, 0.16, 0.27) 0.0032483233096031365
(1.1199999999999999, 0.16, 0.3) 0.003747584329979773
(1.1199999999999999, 0.18, 0.0) 0.0024791669414961537
(1.1199999999999999, 0.18, 0.03) 0.0042546218308490355
(1.1199999999999999, 0.18, 0.06) 0.003893525269853226
(1.1199999999999999, 0.18, 0.09) 0.0032789064780923013
(1.1199999999999999, 0.18, 0.12) 0.003621492326619803
(1.1199999999999999, 0.18, 0.15) 0.00421475222958688
(1.1199999999999999, 0.18, 0.18) 0.003916493213033917
(1.1199999999999999, 0.18, 0.21) 0.004058375499923427
(1.1199999999999999, 0.18, 0.24) 0.0030977517317738123
(1.1199999999999999, 0.18, 0.27) 0.0031641826701632302
(1.1199999999999999, 0.18, 0.3) 0.004601630142225548
(1.1199999999999999, 0.2, 0.0) 0.0035551409993168806
(1.1199999999999999, 0.2, 0.03) 0.004539762794823185
(1.1199999999999999, 0.2, 0.06) 0.0047092565251856495
(1.1199999999999999, 0.2, 0.09) 0.0029669784569553805
(1.1199999999999999, 0.2, 0.12) 0.0035289768530063956
(1.1199999999999999, 0.2, 0.15) 0.0029167492342252114
(1.1199999999999999, 0.2, 0.18) 0.00334829428032184
(1.1199999999999999, 0.2, 0.21) 0.004364392214900109
(1.1199999999999999, 0.2, 0.24) 0.005167256872286403
(1.1199999999999999, 0.2, 0.27) 0.0037005288874174154
(1.1199999999999999, 0.2, 0.3) 0.00483887116635648
(1.2599999999999998, 0.0, 0.0) 0.0029334757808910108
(1.2599999999999998, 0.0, 0.03) 0.0025659076309873592
(1.2599999999999998, 0.0, 0.06) 0.0031311469019722755
(1.2599999999999998, 0.0, 0.09) 0.0025112885690985135
(1.2599999999999998, 0.0, 0.12) 0.0031835675403026954
(1.2599999999999998, 0.0, 0.15) 0.0025414832950875444
(1.2599999999999998, 0.0, 0.18) 0.0023888256804485294
(1.2599999999999998, 0.0, 0.21) 0.002510131674921385
(1.2599999999999998, 0.0, 0.24) 0.0025678580408867607
(1.2599999999999998, 0.0, 0.27) 0.0029792233445113674
(1.2599999999999998, 0.0, 0.3) 0.002202590276176672
(1.2599999999999998, 0.02, 0.0) 0.0027179800436398084
(1.2599999999999998, 0.02, 0.03) 0.002794098371086329
(1.2599999999999998, 0.02, 0.06) 0.002586813898293717
(1.2599999999999998, 0.02, 0.09) 0.0029419235289560247
(1.2599999999999998, 0.02, 0.12) 0.002856943189572878
(1.2599999999999998, 0.02, 0.15) 0.002659703333468224
(1.2599999999999998, 0.02, 0.18) 0.0033942595103471193
(1.2599999999999998, 0.02, 0.21) 0.002096147277506236
(1.2599999999999998, 0.02, 0.24) 0.0032724220200643682
(1.2599999999999998, 0.02, 0.27) 0.0029875566449067918
(1.2599999999999998, 0.02, 0.3) 0.0028167489387910167
(1.2599999999999998, 0.04, 0.0) 0.0025252463903271353
(1.2599999999999998, 0.04, 0.03) 0.002554226960433253
(1.2599999999999998, 0.04, 0.06) 0.0020303359956976787
(1.2599999999999998, 0.04, 0.09) 0.002799641350213953
(1.2599999999999998, 0.04, 0.12) 0.0025128606352578997
(1.2599999999999998, 0.04, 0.15) 0.0025560841459047654
(1.2599999999999998, 0.04, 0.18) 0.002785503517380554
(1.2599999999999998, 0.04, 0.21) 0.0027185616824293964
(1.2599999999999998, 0.04, 0.24) 0.003727467239433296
(1.2599999999999998, 0.04, 0.27) 0.0029030821235463728
(1.2599999999999998, 0.04, 0.3) 0.002568794219883594
(1.2599999999999998, 0.06, 0.0) 0.0030746277599998416
(1.2599999999999998, 0.06, 0.03) 0.0038912471544924154
(1.2599999999999998, 0.06, 0.06) 0.003543350733124013
(1.2599999999999998, 0.06, 0.09) 0.003170971878524403
(1.2599999999999998, 0.06, 0.12) 0.002530820729502204
(1.2599999999999998, 0.06, 0.15) 0.0031383611840279826
(1.2599999999999998, 0.06, 0.18) 0.002868781104227151
(1.2599999999999998, 0.06, 0.21) 0.002888684430891572
(1.2599999999999998, 0.06, 0.24) 0.0024809840532473517
(1.2599999999999998, 0.06, 0.27) 0.004195776654013373
(1.2599999999999998, 0.06, 0.3) 0.0026428379555226986
(1.2599999999999998, 0.08, 0.0) 0.002600747567752684
(1.2599999999999998, 0.08, 0.03) 0.002717213867881799
(1.2599999999999998, 0.08, 0.06) 0.0029618765959069293
(1.2599999999999998, 0.08, 0.09) 0.0033136318325687566
(1.2599999999999998, 0.08, 0.12) 0.0034361281939886447
(1.2599999999999998, 0.08, 0.15) 0.0031851941692632455
(1.2599999999999998, 0.08, 0.18) 0.0032429504527507237
(1.2599999999999998, 0.08, 0.21) 0.002882891972903979
(1.2599999999999998, 0.08, 0.24) 0.003437219705945539
(1.2599999999999998, 0.08, 0.27) 0.002876796464610224
(1.2599999999999998, 0.08, 0.3) 0.003681544432432235
(1.2599999999999998, 0.1, 0.0) 0.0030049470136796147
(1.2599999999999998, 0.1, 0.03) 0.0029678691017336173
(1.2599999999999998, 0.1, 0.06) 0.0032765351467216076
(1.2599999999999998, 0.1, 0.09) 0.0035018700264782157
(1.2599999999999998, 0.1, 0.12) 0.0028974932939025027
(1.2599999999999998, 0.1, 0.15) 0.002639430779006208
(1.2599999999999998, 0.1, 0.18) 0.0033059138743386286
(1.2599999999999998, 0.1, 0.21) 0.0035281582803631494
(1.2599999999999998, 0.1, 0.24) 0.004037048346319549
(1.2599999999999998, 0.1, 0.27) 0.003450307106256291
(1.2599999999999998, 0.1, 0.3) 0.004192978323362132
(1.2599999999999998, 0.12, 0.0) 0.0033433791401013247
(1.2599999999999998, 0.12, 0.03) 0.0024252884226302986
(1.2599999999999998, 0.12, 0.06) 0.002636189877857082
(1.2599999999999998, 0.12, 0.09) 0.00306351310359687
(1.2599999999999998, 0.12, 0.12) 0.003294427240600296
(1.2599999999999998, 0.12, 0.15) 0.0039750962253273505
(1.2599999999999998, 0.12, 0.18) 0.0033727615414090705
(1.2599999999999998, 0.12, 0.21) 0.0029184177365002974
(1.2599999999999998, 0.12, 0.24) 0.0033598010561601546
(1.2599999999999998, 0.12, 0.27) 0.0038527849069202153
(1.2599999999999998, 0.12, 0.3) 0.003305701123528561
(1.2599999999999998, 0.14, 0.0) 0.003842713125804218
(1.2599999999999998, 0.14, 0.03) 0.002668677348550015
(1.2599999999999998, 0.14, 0.06) 0.0034566746459101685
(1.2599999999999998, 0.14, 0.09) 0.0038743943564095913
(1.2599999999999998, 0.14, 0.12) 0.002723449795603965
(1.2599999999999998, 0.14, 0.15) 0.003255594323049237
(1.2599999999999998, 0.14, 0.18) 0.005080301591704887
(1.2599999999999998, 0.14, 0.21) 0.0028656057388857944
(1.2599999999999998, 0.14, 0.24) 0.003969350956568015
(1.2599999999999998, 0.14, 0.27) 0.0036859247345145426
(1.2599999999999998, 0.14, 0.3) 0.002965347266120678
(1.2599999999999998, 0.16, 0.0) 0.002614101554219117
(1.2599999999999998, 0.16, 0.03) 0.0038418099073637304
(1.2599999999999998, 0.16, 0.06) 0.003790694700856592
(1.2599999999999998, 0.16, 0.09) 0.00389971709615492
(1.2599999999999998, 0.16, 0.12) 0.0034258122677692663
(1.2599999999999998, 0.16, 0.15) 0.003593840639165106
(1.2599999999999998, 0.16, 0.18) 0.00393387071235363
(1.2599999999999998, 0.16, 0.21) 0.004581591110687276
(1.2599999999999998, 0.16, 0.24) 0.0040578853944527255
(1.2599999999999998, 0.16, 0.27) 0.004290202381202207
(1.2599999999999998, 0.16, 0.3) 0.0039636937184325234
(1.2599999999999998, 0.18, 0.0) 0.004090768758041475
(1.2599999999999998, 0.18, 0.03) 0.005028025520148164
(1.2599999999999998, 0.18, 0.06) 0.003906412772582777
(1.2599999999999998, 0.18, 0.09) 0.0040133835444272495
(1.2599999999999998, 0.18, 0.12) 0.0031775974359357253
(1.2599999999999998, 0.18, 0.15) 0.004874819368102848
(1.2599999999999998, 0.18, 0.18) 0.0038772537243668827
(1.2599999999999998, 0.18, 0.21) 0.005760762245328797
(1.2599999999999998, 0.18, 0.24) 0.005212669242558408
(1.2599999999999998, 0.18, 0.27) 0.004286323771118995
(1.2599999999999998, 0.18, 0.3) 0.005460413692466626
(1.2599999999999998, 0.2, 0.0) 0.0040169715522152686
(1.2599999999999998, 0.2, 0.03) 0.0036509565933162008
(1.2599999999999998, 0.2, 0.06) 0.004464163557109692
(1.2599999999999998, 0.2, 0.09) 0.004152053529629244
(1.2599999999999998, 0.2, 0.12) 0.003475562178227956
(1.2599999999999998, 0.2, 0.15) 0.005297449611022092
(1.2599999999999998, 0.2, 0.18) 0.004842569090385505
(1.2599999999999998, 0.2, 0.21) 0.004807988920962694
(1.2599999999999998, 0.2, 0.24) 0.003868981297022222
(1.2599999999999998, 0.2, 0.27) 0.006114504263630722
(1.2599999999999998, 0.2, 0.3) 0.0032230849776958997
(1.4, 0.0, 0.0) 0.0029062113970272528
(1.4, 0.0, 0.03) 0.002558075423083814
(1.4, 0.0, 0.06) 0.0026508762856999645
(1.4, 0.0, 0.09) 0.003091880043211546
(1.4, 0.0, 0.12) 0.00318401285482559
(1.4, 0.0, 0.15) 0.002821122620448106
(1.4, 0.0, 0.18) 0.0025209380037256026
(1.4, 0.0, 0.21) 0.0022964209807086657
(1.4, 0.0, 0.24) 0.0029738531343374117
(1.4, 0.0, 0.27) 0.0024429105960333593
(1.4, 0.0, 0.3) 0.002961756609840329
(1.4, 0.02, 0.0) 0.0031657399512431727
(1.4, 0.02, 0.03) 0.0031098153032062437
(1.4, 0.02, 0.06) 0.0025980240728697896
(1.4, 0.02, 0.09) 0.0030813090087161597
(1.4, 0.02, 0.12) 0.0030512460109709543
(1.4, 0.02, 0.15) 0.0032337564676121586
(1.4, 0.02, 0.18) 0.0030068625728837486
(1.4, 0.02, 0.21) 0.002771715132022001
(1.4, 0.02, 0.24) 0.0030988389365675427
(1.4, 0.02, 0.27) 0.002968022370589995
(1.4, 0.02, 0.3) 0.004060882705278721
(1.4, 0.04, 0.0) 0.00375832457228807
(1.4, 0.04, 0.03) 0.0032760099978064953
(1.4, 0.04, 0.06) 0.001970668645396331
(1.4, 0.04, 0.09) 0.0029025740310263943
(1.4, 0.04, 0.12) 0.0034243312791085467
(1.4, 0.04, 0.15) 0.002549018876366664
(1.4, 0.04, 0.18) 0.0035077161341300635
(1.4, 0.04, 0.21) 0.0032050545044215437
(1.4, 0.04, 0.24) 0.0033467115686517286
(1.4, 0.04, 0.27) 0.002990875613937516
(1.4, 0.04, 0.3) 0.003978501404702694
(1.4, 0.06, 0.0) 0.003087903974048298
(1.4, 0.06, 0.03) 0.003707179337653968
(1.4, 0.06, 0.06) 0.0029625418956236325
(1.4, 0.06, 0.09) 0.00299897658634012
(1.4, 0.06, 0.12) 0.003936417458117045
(1.4, 0.06, 0.15) 0.003436590749411392
(1.4, 0.06, 0.18) 0.002870589386162611
(1.4, 0.06, 0.21) 0.002684493432391501
(1.4, 0.06, 0.24) 0.00257145515985026
(1.4, 0.06, 0.27) 0.0025257584964995714
(1.4, 0.06, 0.3) 0.003954524828709421
(1.4, 0.08, 0.0) 0.0030870249057892317
(1.4, 0.08, 0.03) 0.0029475995731292467
(1.4, 0.08, 0.06) 0.002244796268284983
(1.4, 0.08, 0.09) 0.0029609647335459687
(1.4, 0.08, 0.12) 0.0034215092136004738
(1.4, 0.08, 0.15) 0.0037455412197775445
(1.4, 0.08, 0.18) 0.0034728810774304992
(1.4, 0.08, 0.21) 0.0037230728157920763
(1.4, 0.08, 0.24) 0.0034011301484639703
(1.4, 0.08, 0.27) 0.0037967880209409917
(1.4, 0.08, 0.3) 0.0036938385063280876
(1.4, 0.1, 0.0) 0.003911411824225288
(1.4, 0.1, 0.03) 0.0035023131186154525
(1.4, 0.1, 0.06) 0.002806952116035272
(1.4, 0.1, 0.09) 0.0030708137594354663
(1.4, 0.1, 0.12) 0.0037769449552250275
(1.4, 0.1, 0.15) 0.0037349059666328156
(1.4, 0.1, 0.18) 0.001963594981234346
(1.4, 0.1, 0.21) 0.003819622439930105
(1.4, 0.1, 0.24) 0.004492628280404026
(1.4, 0.1, 0.27) 0.004306255767053491
(1.4, 0.1, 0.3) 0.003489258055020457
(1.4, 0.12, 0.0) 0.003998143461374536
(1.4, 0.12, 0.03) 0.003584593362068536
(1.4, 0.12, 0.06) 0.0031813209287614246
(1.4, 0.12, 0.09) 0.003265337187130875
(1.4, 0.12, 0.12) 0.003579921062186377
(1.4, 0.12, 0.15) 0.0031772040932957417
(1.4, 0.12, 0.18) 0.0031907963028078826
(1.4, 0.12, 0.21) 0.0030847595176055668
(1.4, 0.12, 0.24) 0.00474778593647725
(1.4, 0.12, 0.27) 0.0037697387070907105
(1.4, 0.12, 0.3) 0.0032746596011614584
(1.4, 0.14, 0.0) 0.0038908603814938035
(1.4, 0.14, 0.03) 0.0031834747103972947
(1.4, 0.14, 0.06) 0.0036102881590445875
(1.4, 0.14, 0.09) 0.004065937501791069
(1.4, 0.14, 0.12) 0.0038042241171363056
(1.4, 0.14, 0.15) 0.00390300342334059
(1.4, 0.14, 0.18) 0.004456477260792186
(1.4, 0.14, 0.21) 0.004168769219490021
(1.4, 0.14, 0.24) 0.004026514078618909
(1.4, 0.14, 0.27) 0.004453690855404935
(1.4, 0.14, 0.3) 0.00436468336468906
(1.4, 0.16, 0.0) 0.0032082674774475918
(1.4, 0.16, 0.03) 0.00315621329737287
(1.4, 0.16, 0.06) 0.004483923950924564
(1.4, 0.16, 0.09) 0.003923263867865182
(1.4, 0.16, 0.12) 0.004353050014238345
(1.4, 0.16, 0.15) 0.0033723074426156648
(1.4, 0.16, 0.18) 0.004911751508995869
(1.4, 0.16, 0.21) 0.004112764943589875
(1.4, 0.16, 0.24) 0.004253118768950032
(1.4, 0.16, 0.27) 0.0037518591919626695
(1.4, 0.16, 0.3) 0.0042723010995772154
(1.4, 0.18, 0.0) 0.00452916654623838
(1.4, 0.18, 0.03) 0.004886728023149848
(1.4, 0.18, 0.06) 0.004011805135872061
(1.4, 0.18, 0.09) 0.0043400642397611305
(1.4, 0.18, 0.12) 0.0030449535075006626
(1.4, 0.18, 0.15) 0.0033784375918331135
(1.4, 0.18, 0.18) 0.004869863208122983
(1.4, 0.18, 0.21) 0.003837233128803872
(1.4, 0.18, 0.24) 0.0049450817559303206
(1.4, 0.18, 0.27) 0.005439540789968555
(1.4, 0.18, 0.3) 0.005383189342937455
(1.4, 0.2, 0.0) 0.0053376403357646394
(1.4, 0.2, 0.03) 0.004611674687449354
(1.4, 0.2, 0.06) 0.00394931231908843
(1.4, 0.2, 0.09) 0.005056324311808488
(1.4, 0.2, 0.12) 0.004754870344082505
(1.4, 0.2, 0.15) 0.004980105302602965
(1.4, 0.2, 0.18) 0.0037340964590337694
(1.4, 0.2, 0.21) 0.0047613419852691975
(1.4, 0.2, 0.24) 0.005149036141999382
(1.4, 0.2, 0.27) 0.004000472072371943
(1.4, 0.2, 0.3) 0.0058717731411794425
(0.0, 0.0, 0.33) 0.002351177547943251
(0.0, 0.0, 0.36) 0.0022963818814229642
(0.0, 0.0, 0.39) 0.0020905843924393644
(0.0, 0.02, 0.33) 0.0019965806543106607
(0.0, 0.02, 0.36) 0.0020799518572824503
(0.0, 0.02, 0.39) 0.0024064799368406675
(0.0, 0.04, 0.33) 0.0016945544552640958
(0.0, 0.04, 0.36) 0.0015794065995043012
(0.0, 0.04, 0.39) 0.0016257397724290714
(0.0, 0.06, 0.33) 0.001513466193360281
(0.0, 0.06, 0.36) 0.0019906169474604466
(0.0, 0.06, 0.39) 0.002478220474528022
(0.0, 0.08, 0.33) 0.0019423051119216161
(0.0, 0.08, 0.36) 0.002313296027726377
(0.0, 0.08, 0.39) 0.0022122166398528386
(0.0, 0.1, 0.33) 0.00222124778477724
(0.0, 0.1, 0.36) 0.0030602337340969988
(0.0, 0.1, 0.39) 0.002895242265622989
(0.0, 0.12, 0.33) 0.0016856193796195116
(0.0, 0.12, 0.36) 0.002795967426888383
(0.0, 0.12, 0.39) 0.0029775341035473218
(0.0, 0.14, 0.33) 0.0017398416422960267
(0.0, 0.14, 0.36) 0.0034983843136398305
(0.0, 0.14, 0.39) 0.0029876290391939496
(0.0, 0.16, 0.33) 0.0030387824522389436
(0.0, 0.16, 0.36) 0.0031688727401028237
(0.0, 0.16, 0.39) 0.0041145342437274
(0.0, 0.18, 0.33) 0.0020387503257681605
(0.0, 0.18, 0.36) 0.0028254747537656295
(0.0, 0.18, 0.39) 0.0033138653518443597
(0.0, 0.2, 0.33) 0.004442664042269434
(0.0, 0.2, 0.36) 0.0035040376817258153
(0.0, 0.2, 0.39) 0.0041896622575647345
(0.13999999999999999, 0.0, 0.33) 0.0019807948382870593
(0.13999999999999999, 0.0, 0.36) 0.001685178950892168
(0.13999999999999999, 0.0, 0.39) 0.002182423583640119
(0.13999999999999999, 0.02, 0.33) 0.0016199339949144983
(0.13999999999999999, 0.02, 0.36) 0.0022454062044471785
(0.13999999999999999, 0.02, 0.39) 0.0019398454745253274
(0.13999999999999999, 0.04, 0.33) 0.00276322109586636
(0.13999999999999999, 0.04, 0.36) 0.0023110242556754032
(0.13999999999999999, 0.04, 0.39) 0.001821142952614842
(0.13999999999999999, 0.06, 0.33) 0.002133677402575546
(0.13999999999999999, 0.06, 0.36) 0.002533078641947031
(0.13999999999999999, 0.06, 0.39) 0.0028775450957599135
(0.13999999999999999, 0.08, 0.33) 0.0022229117027254136
(0.13999999999999999, 0.08, 0.36) 0.0027270267566172762
(0.13999999999999999, 0.08, 0.39) 0.002679120507945196
(0.13999999999999999, 0.1, 0.33) 0.00207783951886394
(0.13999999999999999, 0.1, 0.36) 0.00270167078113012
(0.13999999999999999, 0.1, 0.39) 0.003649062790816146
(0.13999999999999999, 0.12, 0.33) 0.0029249763465322982
(0.13999999999999999, 0.12, 0.36) 0.00352696937192658
(0.13999999999999999, 0.12, 0.39) 0.002950804154550098
(0.13999999999999999, 0.14, 0.33) 0.002980666211845883
(0.13999999999999999, 0.14, 0.36) 0.0031544957103958595
(0.13999999999999999, 0.14, 0.39) 0.0035816076890005243
(0.13999999999999999, 0.16, 0.33) 0.0021418217085403283
(0.13999999999999999, 0.16, 0.36) 0.00408518252665257
(0.13999999999999999, 0.16, 0.39) 0.0033631300286493114
(0.13999999999999999, 0.18, 0.33) 0.003411296324665234
(0.13999999999999999, 0.18, 0.36) 0.0024887554191934647
(0.13999999999999999, 0.18, 0.39) 0.0057236629946424535
(0.13999999999999999, 0.2, 0.33) 0.003107764022326221
(0.13999999999999999, 0.2, 0.36) 0.0037052765225614836
(0.13999999999999999, 0.2, 0.39) 0.0018610873976930584
(0.27999999999999997, 0.0, 0.33) 0.002190458997722579
(0.27999999999999997, 0.0, 0.36) 0.002536865224779429
(0.27999999999999997, 0.0, 0.39) 0.002143292888049256
(0.27999999999999997, 0.02, 0.33) 0.0017820722069378735
(0.27999999999999997, 0.02, 0.36) 0.0019723587489536305
(0.27999999999999997, 0.02, 0.39) 0.00230978953305865
(0.27999999999999997, 0.04, 0.33) 0.0020875021454338006
(0.27999999999999997, 0.04, 0.36) 0.0018859860813071091
(0.27999999999999997, 0.04, 0.39) 0.002243473079317605
(0.27999999999999997, 0.06, 0.33) 0.0024299435956440124
(0.27999999999999997, 0.06, 0.36) 0.0027599968976747403
(0.27999999999999997, 0.06, 0.39) 0.0031313301443035486
(0.27999999999999997, 0.08, 0.33) 0.002395328881767312
(0.27999999999999997, 0.08, 0.36) 0.0018902084605072953
(0.27999999999999997, 0.08, 0.39) 0.0025917273019691895
(0.27999999999999997, 0.1, 0.33) 0.0021119630646884917
(0.27999999999999997, 0.1, 0.36) 0.0029392471922099718
(0.27999999999999997, 0.1, 0.39) 0.0018269947849910175
(0.27999999999999997, 0.12, 0.33) 0.0030464921322398185
(0.27999999999999997, 0.12, 0.36) 0.002802708797729501
(0.27999999999999997, 0.12, 0.39) 0.0023342314231384735
(0.27999999999999997, 0.14, 0.33) 0.003592954799934593
(0.27999999999999997, 0.14, 0.36) 0.0033845680926560527
(0.27999999999999997, 0.14, 0.39) 0.0039225987265074334
(0.27999999999999997, 0.16, 0.33) 0.0019212451207116178
(0.27999999999999997, 0.16, 0.36) 0.002853406116403399
(0.27999999999999997, 0.16, 0.39) 0.0032479957923138673
(0.27999999999999997, 0.18, 0.33) 0.002886349931893028
(0.27999999999999997, 0.18, 0.36) 0.0035430271987334522
(0.27999999999999997, 0.18, 0.39) 0.0033152207082875625
(0.27999999999999997, 0.2, 0.33) 0.004337321702843351
(0.27999999999999997, 0.2, 0.36) 0.004484479206263413
(0.27999999999999997, 0.2, 0.39) 0.003105254637400319
(0.41999999999999993, 0.0, 0.33) 0.0028229338059342505
(0.41999999999999993, 0.0, 0.36) 0.0023236058589202594
(0.41999999999999993, 0.0, 0.39) 0.0023999332736880166
(0.41999999999999993, 0.02, 0.33) 0.00145009457181577
(0.41999999999999993, 0.02, 0.36) 0.00269431022352799
(0.41999999999999993, 0.02, 0.39) 0.002751449400392231
(0.41999999999999993, 0.04, 0.33) 0.0026554011286564704
(0.41999999999999993, 0.04, 0.36) 0.0024005186944226473
(0.41999999999999993, 0.04, 0.39) 0.0029955197213918194
(0.41999999999999993, 0.06, 0.33) 0.002242425795756466
(0.41999999999999993, 0.06, 0.36) 0.0023129982642264716
(0.41999999999999993, 0.06, 0.39) 0.0027810884738211548
(0.41999999999999993, 0.08, 0.33) 0.0021638424009370947
(0.41999999999999993, 0.08, 0.36) 0.002097020441583362
(0.41999999999999993, 0.08, 0.39) 0.002339838967698242
(0.41999999999999993, 0.1, 0.33) 0.002067730843583483
(0.41999999999999993, 0.1, 0.36) 0.003147507859246798
(0.41999999999999993, 0.1, 0.39) 0.002663595439603352
(0.41999999999999993, 0.12, 0.33) 0.0027328531936566492
(0.41999999999999993, 0.12, 0.36) 0.002884575500186954
(0.41999999999999993, 0.12, 0.39) 0.0027929361520635113
(0.41999999999999993, 0.14, 0.33) 0.0019858161536122146
(0.41999999999999993, 0.14, 0.36) 0.002494954030526571
(0.41999999999999993, 0.14, 0.39) 0.0037498831377722115
(0.41999999999999993, 0.16, 0.33) 0.002393502845904756
(0.41999999999999993, 0.16, 0.36) 0.0037566298583286313
(0.41999999999999993, 0.16, 0.39) 0.0034729513632503627
(0.41999999999999993, 0.18, 0.33) 0.0045893039203035255
(0.41999999999999993, 0.18, 0.36) 0.003129275456242857
(0.41999999999999993, 0.18, 0.39) 0.0029130017848900394
(0.41999999999999993, 0.2, 0.33) 0.005061340889820359
(0.41999999999999993, 0.2, 0.36) 0.004960002566957263
(0.41999999999999993, 0.2, 0.39) 0.004402287407563649
(0.5599999999999999, 0.0, 0.33) 0.0027230571359515257
(0.5599999999999999, 0.0, 0.36) 0.0021005084570288723
(0.5599999999999999, 0.0, 0.39) 0.0017077219755699037
(0.5599999999999999, 0.02, 0.33) 0.0019665226812388913
(0.5599999999999999, 0.02, 0.36) 0.0026049250905564756
(0.5599999999999999, 0.02, 0.39) 0.002103531855702687
(0.5599999999999999, 0.04, 0.33) 0.002069043691437261
(0.5599999999999999, 0.04, 0.36) 0.002401629504503212
(0.5599999999999999, 0.04, 0.39) 0.002482602359989879
(0.5599999999999999, 0.06, 0.33) 0.002459612609245963
(0.5599999999999999, 0.06, 0.36) 0.0020629477510894748
(0.5599999999999999, 0.06, 0.39) 0.0028814587344522056
(0.5599999999999999, 0.08, 0.33) 0.002400974158787636
(0.5599999999999999, 0.08, 0.36) 0.0025801927819233622
(0.5599999999999999, 0.08, 0.39) 0.001888856231360328
(0.5599999999999999, 0.1, 0.33) 0.002489777269590975
(0.5599999999999999, 0.1, 0.36) 0.0026681119384691803
(0.5599999999999999, 0.1, 0.39) 0.002892592033788884
(0.5599999999999999, 0.12, 0.33) 0.0027973462779413713
(0.5599999999999999, 0.12, 0.36) 0.002694137413325928
(0.5599999999999999, 0.12, 0.39) 0.0024853410589032437
(0.5599999999999999, 0.14, 0.33) 0.003327277821698319
(0.5599999999999999, 0.14, 0.36) 0.003250509182532198
(0.5599999999999999, 0.14, 0.39) 0.003909576317359733
(0.5599999999999999, 0.16, 0.33) 0.0022546817334919023
(0.5599999999999999, 0.16, 0.36) 0.003411428173076767
(0.5599999999999999, 0.16, 0.39) 0.0037607900252024347
(0.5599999999999999, 0.18, 0.33) 0.0035366806732810094
(0.5599999999999999, 0.18, 0.36) 0.003719923026180186
(0.5599999999999999, 0.18, 0.39) 0.004879832979398454
(0.5599999999999999, 0.2, 0.33) 0.004357994165140368
(0.5599999999999999, 0.2, 0.36) 0.003755553954189265
(0.5599999999999999, 0.2, 0.39) 0.003694300132305765
(0.7, 0.0, 0.33) 0.0025383937599178915
(0.7, 0.0, 0.36) 0.0018568113962858773
(0.7, 0.0, 0.39) 0.0028626419792577374
(0.7, 0.02, 0.33) 0.0029534501766826362
(0.7, 0.02, 0.36) 0.002347284530007352
(0.7, 0.02, 0.39) 0.0021323385832859826
(0.7, 0.04, 0.33) 0.0032018406283573623
(0.7, 0.04, 0.36) 0.003590227743706302
(0.7, 0.04, 0.39) 0.0021168928449062513
(0.7, 0.06, 0.33) 0.002519123995290467
(0.7, 0.06, 0.36) 0.0022707016463096794
(0.7, 0.06, 0.39) 0.003425396194736243
(0.7, 0.08, 0.33) 0.0019944228492484906
(0.7, 0.08, 0.36) 0.0023272976836385627
(0.7, 0.08, 0.39) 0.002117909041554992
(0.7, 0.1, 0.33) 0.00301609080044055
(0.7, 0.1, 0.36) 0.0035089625790076344
(0.7, 0.1, 0.39) 0.0034438985841446484
(0.7, 0.12, 0.33) 0.0035967048688103484
(0.7, 0.12, 0.36) 0.003215109021317869
(0.7, 0.12, 0.39) 0.0036926108385753674
(0.7, 0.14, 0.33) 0.002449791313003353
(0.7, 0.14, 0.36) 0.003737715424081001
(0.7, 0.14, 0.39) 0.0033787989790338836
(0.7, 0.16, 0.33) 0.0022863322156368125
(0.7, 0.16, 0.36) 0.0038324046290738956
(0.7, 0.16, 0.39) 0.0041851827023937
(0.7, 0.18, 0.33) 0.004035738870673078
(0.7, 0.18, 0.36) 0.003102020396690683
(0.7, 0.18, 0.39) 0.0035998582442508054
(0.7, 0.2, 0.33) 0.00303361649622355
(0.7, 0.2, 0.36) 0.00433509588617001
(0.7, 0.2, 0.39) 0.004837325749259467
(0.8399999999999999, 0.0, 0.33) 0.0019772351100862877
(0.8399999999999999, 0.0, 0.36) 0.00247805186958462
(0.8399999999999999, 0.0, 0.39) 0.0029120825626528634
(0.8399999999999999, 0.02, 0.33) 0.0022233405294023872
(0.8399999999999999, 0.02, 0.36) 0.0022022974265005157
(0.8399999999999999, 0.02, 0.39) 0.0024255358132495687
(0.8399999999999999, 0.04, 0.33) 0.002650590552735091
(0.8399999999999999, 0.04, 0.36) 0.003253383397479498
(0.8399999999999999, 0.04, 0.39) 0.002654313128896038
(0.8399999999999999, 0.06, 0.33) 0.0024601204522447296
(0.8399999999999999, 0.06, 0.36) 0.0027303327826511295
(0.8399999999999999, 0.06, 0.39) 0.0032407108037314446
(0.8399999999999999, 0.08, 0.33) 0.0025154850115171614
(0.8399999999999999, 0.08, 0.36) 0.002923699699722972
(0.8399999999999999, 0.08, 0.39) 0.0026936708965727015
(0.8399999999999999, 0.1, 0.33) 0.0030370649191932414
(0.8399999999999999, 0.1, 0.36) 0.0026952237067539076
(0.8399999999999999, 0.1, 0.39) 0.003372339248916438
(0.8399999999999999, 0.12, 0.33) 0.002378269992731726
(0.8399999999999999, 0.12, 0.36) 0.0037711727386607993
(0.8399999999999999, 0.12, 0.39) 0.0033456685847173813
(0.8399999999999999, 0.14, 0.33) 0.004259387673129465
(0.8399999999999999, 0.14, 0.36) 0.002581641075999153
(0.8399999999999999, 0.14, 0.39) 0.00369371810267026
(0.8399999999999999, 0.16, 0.33) 0.004844407462693985
(0.8399999999999999, 0.16, 0.36) 0.0045649607231384
(0.8399999999999999, 0.16, 0.39) 0.002629666209788099
(0.8399999999999999, 0.18, 0.33) 0.0028222699431639086
(0.8399999999999999, 0.18, 0.36) 0.0028985751479241643
(0.8399999999999999, 0.18, 0.39) 0.00396552304599395
(0.8399999999999999, 0.2, 0.33) 0.002710880402264585
(0.8399999999999999, 0.2, 0.36) 0.004617450244293508
(0.8399999999999999, 0.2, 0.39) 0.005629090548144909
(0.9799999999999999, 0.0, 0.33) 0.0033982257042795127
(0.9799999999999999, 0.0, 0.36) 0.0025560063711472757
(0.9799999999999999, 0.0, 0.39) 0.0028929524281731084
(0.9799999999999999, 0.02, 0.33) 0.002072851887202444
(0.9799999999999999, 0.02, 0.36) 0.002878162347462107
(0.9799999999999999, 0.02, 0.39) 0.0016439362219755045
(0.9799999999999999, 0.04, 0.33) 0.002941898368418194
(0.9799999999999999, 0.04, 0.36) 0.003374852508076013
(0.9799999999999999, 0.04, 0.39) 0.003245753555903327
(0.9799999999999999, 0.06, 0.33) 0.0024561556713887894
(0.9799999999999999, 0.06, 0.36) 0.002731025533273387
(0.9799999999999999, 0.06, 0.39) 0.0036766845660444604
(0.9799999999999999, 0.08, 0.33) 0.003134175977128604
(0.9799999999999999, 0.08, 0.36) 0.0024044954930585965
(0.9799999999999999, 0.08, 0.39) 0.0037118842851375042
(0.9799999999999999, 0.1, 0.33) 0.0028504763121076668
(0.9799999999999999, 0.1, 0.36) 0.0033032639926020833
(0.9799999999999999, 0.1, 0.39) 0.0047807323777066925
(0.9799999999999999, 0.12, 0.33) 0.0034962918043655315
(0.9799999999999999, 0.12, 0.36) 0.0022560164843157507
(0.9799999999999999, 0.12, 0.39) 0.004426736308882994
(0.9799999999999999, 0.14, 0.33) 0.003395415907870224
(0.9799999999999999, 0.14, 0.36) 0.0038680860363173217
(0.9799999999999999, 0.14, 0.39) 0.0027829874695916128
(0.9799999999999999, 0.16, 0.33) 0.004186208758856742
(0.9799999999999999, 0.16, 0.36) 0.004391697257309808
(0.9799999999999999, 0.16, 0.39) 0.003507718139436136
(0.9799999999999999, 0.18, 0.33) 0.004190651041996021
(0.9799999999999999, 0.18, 0.36) 0.005055324029361041
(0.9799999999999999, 0.18, 0.39) 0.004662656486748012
(0.9799999999999999, 0.2, 0.33) 0.004281480410067685
(0.9799999999999999, 0.2, 0.36) 0.006015628802059603
(0.9799999999999999, 0.2, 0.39) 0.0035521761215617227
(1.1199999999999999, 0.0, 0.33) 0.003757806351278579
(1.1199999999999999, 0.0, 0.36) 0.003084564994104344
(1.1199999999999999, 0.0, 0.39) 0.0019155617044050734
(1.1199999999999999, 0.02, 0.33) 0.00303012046255311
(1.1199999999999999, 0.02, 0.36) 0.0027875265054565957
(1.1199999999999999, 0.02, 0.39) 0.004053558054785524
(1.1199999999999999, 0.04, 0.33) 0.0033025100471928107
(1.1199999999999999, 0.04, 0.36) 0.0024542419850205233
(1.1199999999999999, 0.04, 0.39) 0.0021867308605172556
(1.1199999999999999, 0.06, 0.33) 0.0027711093358965314
(1.1199999999999999, 0.06, 0.36) 0.003882609991038708
(1.1199999999999999, 0.06, 0.39) 0.0031574304866968956
(1.1199999999999999, 0.08, 0.33) 0.002557263654463195
(1.1199999999999999, 0.08, 0.36) 0.0025236215362895334
(1.1199999999999999, 0.08, 0.39) 0.004169105336802008
(1.1199999999999999, 0.1, 0.33) 0.0030562993920383286
(1.1199999999999999, 0.1, 0.36) 0.004044772274653148
(1.1199999999999999, 0.1, 0.39) 0.004740380226148839
(1.1199999999999999, 0.12, 0.33) 0.0025755216841590344
(1.1199999999999999, 0.12, 0.36) 0.0032593032717152916
(1.1199999999999999, 0.12, 0.39) 0.0049587459587548234
(1.1199999999999999, 0.14, 0.33) 0.0033265672811859854
(1.1199999999999999, 0.14, 0.36) 0.0033948319734590474
(1.1199999999999999, 0.14, 0.39) 0.0031441923128892445
(1.1199999999999999, 0.16, 0.33) 0.0039189168953270076
(1.1199999999999999, 0.16, 0.36) 0.00460298970322992
(1.1199999999999999, 0.16, 0.39) 0.002748584152522046
(1.1199999999999999, 0.18, 0.33) 0.003936406716757722
(1.1199999999999999, 0.18, 0.36) 0.004741189005091568
(1.1199999999999999, 0.18, 0.39) 0.006629888387528142
(1.1199999999999999, 0.2, 0.33) 0.005444795387053332
(1.1199999999999999, 0.2, 0.36) 0.007407733395226791
(1.1199999999999999, 0.2, 0.39) 0.00641137354346546
(1.2599999999999998, 0.0, 0.33) 0.0034562095700668128
(1.2599999999999998, 0.0, 0.36) 0.0035620718122648235
(1.2599999999999998, 0.0, 0.39) 0.0018565950370986568
(1.2599999999999998, 0.02, 0.33) 0.0033577771738666534
(1.2599999999999998, 0.02, 0.36) 0.002574419152211189
(1.2599999999999998, 0.02, 0.39) 0.0033708849323504588
(1.2599999999999998, 0.04, 0.33) 0.003759835072817069
(1.2599999999999998, 0.04, 0.36) 0.002516127861061798
(1.2599999999999998, 0.04, 0.39) 0.002498486508418085
(1.2599999999999998, 0.06, 0.33) 0.0027584225738115082
(1.2599999999999998, 0.06, 0.36) 0.0033312052141191016
(1.2599999999999998, 0.06, 0.39) 0.0030829708551811195
(1.2599999999999998, 0.08, 0.33) 0.0025852630026637416
(1.2599999999999998, 0.08, 0.36) 0.0038501745167474092
(1.2599999999999998, 0.08, 0.39) 0.0028762891168573985
(1.2599999999999998, 0.1, 0.33) 0.0037766926378751285
(1.2599999999999998, 0.1, 0.36) 0.00394003550788024
(1.2599999999999998, 0.1, 0.39) 0.0050121770764289895
(1.2599999999999998, 0.12, 0.33) 0.003695329951314736
(1.2599999999999998, 0.12, 0.36) 0.003918782490598333
(1.2599999999999998, 0.12, 0.39) 0.0035323914197856075
(1.2599999999999998, 0.14, 0.33) 0.0045963839729873755
(1.2599999999999998, 0.14, 0.36) 0.0035503263411561076
(1.2599999999999998, 0.14, 0.39) 0.005627967846876216
(1.2599999999999998, 0.16, 0.33) 0.00522920357511697
(1.2599999999999998, 0.16, 0.36) 0.00530534321412129
(1.2599999999999998, 0.16, 0.39) 0.0032816432282873308
(1.2599999999999998, 0.18, 0.33) 0.005760868569949978
(1.2599999999999998, 0.18, 0.36) 0.005887954761057941
(1.2599999999999998, 0.18, 0.39) 0.006627773375015895
(1.2599999999999998, 0.2, 0.33) 0.004124539956540299
(1.2599999999999998, 0.2, 0.36) 0.007449862182808745
(1.2599999999999998, 0.2, 0.39) 0.003835925230553302
(1.4, 0.0, 0.33) 0.003758246728719019
(1.4, 0.0, 0.36) 0.003831319583157971
(1.4, 0.0, 0.39) 0.0035020516747738587
(1.4, 0.02, 0.33) 0.003996161827444682
(1.4, 0.02, 0.36) 0.00448662403196291
(1.4, 0.02, 0.39) 0.0037745559828111495
(1.4, 0.04, 0.33) 0.0032095936266332828
(1.4, 0.04, 0.36) 0.004816505825603509
(1.4, 0.04, 0.39) 0.0034638996985939946
(1.4, 0.06, 0.33) 0.003436743183883746
(1.4, 0.06, 0.36) 0.0036327120671958905
(1.4, 0.06, 0.39) 0.004603467732989232
(1.4, 0.08, 0.33) 0.005145510899376276
(1.4, 0.08, 0.36) 0.0036374133837457725
(1.4, 0.08, 0.39) 0.003453665704439585
(1.4, 0.1, 0.33) 0.0037389530801789045
(1.4, 0.1, 0.36) 0.004266917305877627
(1.4, 0.1, 0.39) 0.0053699890367475325
(1.4, 0.12, 0.33) 0.0038716486343248744
(1.4, 0.12, 0.36) 0.004868637452097216
(1.4, 0.12, 0.39) 0.0032569624933613353
(1.4, 0.14, 0.33) 0.004858827059007658
(1.4, 0.14, 0.36) 0.002939349594705
(1.4, 0.14, 0.39) 0.005027323495229145
(1.4, 0.16, 0.33) 0.003963379854293536
(1.4, 0.16, 0.36) 0.004442973910618238
(1.4, 0.16, 0.39) 0.006601729075459332
(1.4, 0.18, 0.33) 0.0036851161643534423
(1.4, 0.18, 0.36) 0.0050187240391768775
(1.4, 0.18, 0.39) 0.0035758684888316235
(1.4, 0.2, 0.33) 0.006449101235288812
(1.4, 0.2, 0.36) 0.0046314213771692205
(1.4, 0.2, 0.39) 0.005117720137998889
