(0.0, 0.0, 0.0) 0.008667094057840682 0.0021968722972407462 0.8841104654716693
(0.0, 0.0, 0.02) 0.009122552448666449 0.002063070496692202 0.8547780587719985
(0.0, 0.0, 0.04) 0.008136678864781088 0.0017607747200419476 1.022786129396729
(0.0, 0.0, 0.06) 0.009792872381770613 0.001507138656396751 1.0301182866460292
(0.0, 0.0, 0.08) 0.008525966824044202 0.001095586007380994 1.00248288324326
(0.0, 0.0, 0.1) 0.01598681434677957 0.0009530282334074345 1.1680890402294193
(0.0, 0.0, 0.12) 0.006052490048623397 0.0009540749182148517 1.1898222892510737
(0.0, 0.02, 0.0) 0.016652286242706132 0.00198603127470743 0.9333275035659694
(0.0, 0.02, 0.02) 0.013424579391082481 0.0017677978908687492 0.9413298758633121
(0.0, 0.02, 0.04) 0.013881420883201524 0.0017716103366305015 0.9767981476990066
(0.0, 0.02, 0.06) 0.018334789029260532 0.0010538425228995192 1.0310408752668043
(0.0, 0.02, 0.08) 0.014157632389484916 0.0011581821578032054 1.0699874588619522
(0.0, 0.02, 0.1) 0.0076993085399297565 0.0007616269340760724 1.3600556281967653
(0.0, 0.02, 0.12) 0.006649981720782916 0.0007618314129925718 1.2450628540917308
(0.0, 0.04, 0.0) 0.024277159928342642 0.0015261094064550472 1.1195409077522376
(0.0, 0.04, 0.02) 0.020068235018976234 0.001486375126137152 1.2890832022516403
(0.0, 0.04, 0.04) 0.018443602021680133 0.0012631347555298101 1.2236401226075557
(0.0, 0.04, 0.06) 0.016131285568026867 0.0009538140330142403 1.2472194928154456
(0.0, 0.04, 0.08) 0.015405911885577356 0.0008782264384936896 1.2880796266901906
(0.0, 0.04, 0.1) 0.013388057113380269 0.0007880849608243749 1.3733135752970778
(0.0, 0.04, 0.12) 0.011564598981751774 0.0008690430429766132 1.291911088515732
(0.0, 0.06, 0.0) 0.017601069661272103 0.0014709225884181104 1.5343591908708136
(0.0, 0.06, 0.02) 0.02020871472334539 0.001272086669694199 1.575037770800716
(0.0, 0.06, 0.04) 0.024119418606868982 0.0012241391371667345 1.3271722916759376
(0.0, 0.06, 0.06) 0.014920061408532128 0.0012304775981740736 1.6207980493361678
(0.0, 0.06, 0.08) 0.015601144550941859 0.000976030271703988 1.5488144677389122
(0.0, 0.06, 0.1) 0.016407623361846577 0.0008963356653801522 1.4137181277989304
(0.0, 0.06, 0.12) 0.022880593430061623 0.0007914379697641816 1.289613539549522
(0.0, 0.08, 0.0) 0.01819458560008493 0.0012089559967641363 1.7927609108265694
(0.0, 0.08, 0.02) 0.016727174931537376 0.00121884813283738 1.6344128083093235
(0.0, 0.08, 0.04) 0.01421321424851457 0.0012038670437373514 1.8053235232658391
(0.0, 0.08, 0.06) 0.013086575278565495 0.0010155380336036143 1.7995206448274512
(0.0, 0.08, 0.08) 0.017551363016758633 0.0007819129447737764 1.5217380203367314
(0.0, 0.08, 0.1) 0.013802105273545397 0.0008853300122422908 1.6513725510903525
(0.0, 0.08, 0.12) 0.013127408225728577 0.0009263482243465261 1.6468458393996026
(0.0, 0.1, 0.0) 0.01164779625572974 0.0011591774686643408 2.1312340422243228
(0.0, 0.1, 0.02) 0.012131050982366815 0.0013225180198079332 2.14585168446234
(0.0, 0.1, 0.04) 0.010890286030830388 0.0010081251050828952 2.1241318180292095
(0.0, 0.1, 0.06) 0.010400225102262742 0.0010607363997946254 2.027843303299477
(0.0, 0.1, 0.08) 0.008605635821016493 0.0009715571976975991 2.139391697509246
(0.0, 0.1, 0.1) 0.012312263809913447 0.0008532407583223983 1.8437019912928547
(0.0, 0.1, 0.12) 0.009952967933722228 0.0008010597976131793 1.8789370763887707
(0.0, 0.12, 0.0) 0.014107179038953399 0.0013222781427376545 2.6875783644867437
(0.0, 0.12, 0.02) 0.013743720726942962 0.0012801736645571082 2.566488332288443
(0.0, 0.12, 0.04) 0.012470140526362583 0.0014729728011883385 2.4338871971415816
(0.0, 0.12, 0.06) 0.00952702804402241 0.0010840527252125908 2.356240299745898
(0.0, 0.12, 0.08) 0.009215624221282612 0.0010329423793696358 2.3611704908734805
(0.0, 0.12, 0.1) 0.009931943833189046 0.0009563281205111381 2.2182578337672982
(0.0, 0.12, 0.12) 0.010888182594830547 0.0012002239876923104 1.9316323984209023
(0.19999999999999998, 0.0, 0.0) 0.008380386877178831 0.002167435943278471 0.8220917327042792
(0.19999999999999998, 0.0, 0.02) 0.008612236213674657 0.002047878475515549 0.7958765515070687
(0.19999999999999998, 0.0, 0.04) 0.007879666014135634 0.001571828436861008 1.0125789632444864
(0.19999999999999998, 0.0, 0.06) 0.012028201112705054 0.001281642821318564 1.139006330198681
(0.19999999999999998, 0.0, 0.08) 0.010739520391293495 0.0009593558336147517 1.020214956223172
(0.19999999999999998, 0.0, 0.1) 0.007470436000004776 0.0008212444176874238 1.1178328952349463
(0.19999999999999998, 0.0, 0.12) 0.006669132019449277 0.0010294380099694772 1.1405805734746268
(0.19999999999999998, 0.02, 0.0) 0.014019150693009613 0.001784447349047078 0.9294859247268065
(0.19999999999999998, 0.02, 0.02) 0.012843275338085039 0.001707561368120109 0.868685453940012
(0.19999999999999998, 0.02, 0.04) 0.01495084876096493 0.00138459540375143 0.9954864761517955
(0.19999999999999998, 0.02, 0.06) 0.014243412131437143 0.0010376726829100672 1.1126187397499796
(0.19999999999999998, 0.02, 0.08) 0.011317643103085397 0.0008159485050640624 1.234902258022528
(0.19999999999999998, 0.02, 0.1) 0.022070312462502947 0.0007921791756598114 1.2213958155264262
(0.19999999999999998, 0.02, 0.12) 0.010514144071549592 0.0008111963931291124 1.253128279604255
(0.19999999999999998, 0.04, 0.0) 0.028847805392647783 0.001423813238189854 1.1936534500242968
(0.19999999999999998, 0.04, 0.02) 0.017715644697738623 0.0012622864866528502 1.2123042615741957
(0.19999999999999998, 0.04, 0.04) 0.015291670743285763 0.0013814533744838837 1.4200856008104927
(0.19999999999999998, 0.04, 0.06) 0.017419291612947217 0.0011332762423289916 1.287483338993129
(0.19999999999999998, 0.04, 0.08) 0.015487045898819208 0.0007781399473900456 1.2086199088022913
(0.19999999999999998, 0.04, 0.1) 0.01742920962376447 0.0007220544178278943 1.0232925436457316
(0.19999999999999998, 0.04, 0.12) 0.01417386028878449 0.000819085860850404 1.2899645568226281
(0.19999999999999998, 0.06, 0.0) 0.028528101941847968 0.00113803450047499 1.4598220469428296
(0.19999999999999998, 0.06, 0.02) 0.019641749662832202 0.0012077864377857313 1.4349307701467144
(0.19999999999999998, 0.06, 0.04) 0.03060833435518452 0.0010581286016259465 1.3244658493558061
(0.19999999999999998, 0.06, 0.06) 0.018861671608491556 0.0009602848677019058 1.494515741104869
(0.19999999999999998, 0.06, 0.08) 0.01706351486575335 0.0008007364654110595 1.5272951774445298
(0.19999999999999998, 0.06, 0.1) 0.012564135134750395 0.0006545495077941758 1.6018480247281461
(0.19999999999999998, 0.06, 0.12) 0.011398121329912633 0.0008129134905587972 1.5334634388218666
(0.19999999999999998, 0.08, 0.0) 0.01540367339713187 0.001238489947289624 1.8558743210946962
(0.19999999999999998, 0.08, 0.02) 0.017042235795462927 0.0010688013916093134 1.6460344610881095
(0.19999999999999998, 0.08, 0.04) 0.016509723518405565 0.0010009160599477214 1.7397319824026423
(0.19999999999999998, 0.08, 0.06) 0.015670970982212266 0.0008077947419096901 1.772636390307659
(0.19999999999999998, 0.08, 0.08) 0.015635399652340686 0.0006442531931292743 1.6991369118055721
(0.19999999999999998, 0.08, 0.1) 0.012596285690751415 0.0008370237726923139 1.589626090424436
(0.19999999999999998, 0.08, 0.12) 0.01186547225589408 0.0007376161970812057 1.6790350488948005
(0.19999999999999998, 0.1, 0.0) 0.015545138442175399 0.0010730338072770418 1.9743352443084654
(0.19999999999999998, 0.1, 0.02) 0.01344528384172632 0.0009632141244299332 2.0570930003041066
(0.19999999999999998, 0.1, 0.04) 0.01097493218179531 0.0010556038639671494 2.221775029817322
(0.19999999999999998, 0.1, 0.06) 0.011883427243777686 0.0009384587279620097 2.075799218713859
(0.19999999999999998, 0.1, 0.08) 0.010690016266622934 0.000812165412266003 2.0197952322219366
(0.19999999999999998, 0.1, 0.1) 0.009849432754720876 0.0009201309440573894 1.9116109238382268
(0.19999999999999998, 0.1, 0.12) 0.014441935325469757 0.0009483781839516327 1.6536816151600988
(0.19999999999999998, 0.12, 0.0) 0.012822274750253517 0.0014582931863044376 2.534222154326758
(0.19999999999999998, 0.12, 0.02) 0.013861503646131455 0.0013612676535007522 2.6418021849600017
(0.19999999999999998, 0.12, 0.04) 0.013893351482030464 0.001146883763866019 2.628221192208512
(0.19999999999999998, 0.12, 0.06) 0.010216551159941935 0.0012457133930342083 2.5653583367224555
(0.19999999999999998, 0.12, 0.08) 0.009826825935972778 0.0010688343597921295 2.451903976257207
(0.19999999999999998, 0.12, 0.1) 0.010652126575753817 0.0008937904416042143 2.238328943885861
(0.19999999999999998, 0.12, 0.12) 0.009859049605562447 0.000912382596744488 2.131073154231887
(0.39999999999999997, 0.0, 0.0) 0.011160514413032691 0.0014429342755273712 0.8063944951957163
(0.39999999999999997, 0.0, 0.02) 0.01089189052108638 0.0014027695264840203 0.8757201446194469
(0.39999999999999997, 0.0, 0.04) 0.00781860475050501 0.0013520668137951383 0.9966799245069249
(0.39999999999999997, 0.0, 0.06) 0.010851419136170012 0.0009878842549469757 1.0420029453884594
(0.39999999999999997, 0.0, 0.08) 0.00942373368810782 0.0008056482865385089 0.9310709303577515
(0.39999999999999997, 0.0, 0.1) 0.007898289773587353 0.0007352448055767761 1.04595867629593
(0.39999999999999997, 0.0, 0.12) 0.007393403594415425 0.0007318949785140359 1.0907077352512353
(0.39999999999999997, 0.02, 0.0) 0.012538732491991486 0.0012448822346470259 0.9661727081121212
(0.39999999999999997, 0.02, 0.02) 0.0116712702630402 0.0013040870085140198 0.9871970668052468
(0.39999999999999997, 0.02, 0.04) 0.012796703553593768 0.0012211577495413318 1.0230901965851171
(0.39999999999999997, 0.02, 0.06) 0.015575114727689316 0.0009594079199095421 1.0865730409689545
(0.39999999999999997, 0.02, 0.08) 0.011484927994203786 0.0008150996603387063 1.0608679556035763
(0.39999999999999997, 0.02, 0.1) 0.012926755080184614 0.0007332716978955198 0.9638562222322997
(0.39999999999999997, 0.02, 0.12) 0.008349095886431684 0.0006875220573610572 1.3767157235326966
(0.39999999999999997, 0.04, 0.0) 0.015831155267139945 0.0011085246183184135 1.2508678396103792
(0.39999999999999997, 0.04, 0.02) 0.016643579924306304 0.0009794478856657587 1.3032551937141634
(0.39999999999999997, 0.04, 0.04) 0.01793904934820993 0.0008800574432941203 1.2043790877639946
(0.39999999999999997, 0.04, 0.06) 0.015533203701652773 0.00087471654824756 1.3256801552709458
(0.39999999999999997, 0.04, 0.08) 0.016929126825307953 0.0007347576408314842 1.1753377916601866
(0.39999999999999997, 0.04, 0.1) 0.011506187737828294 0.0007748573352879403 1.374058113242095
(0.39999999999999997, 0.04, 0.12) 0.009062152171921656 0.0008910749965584314 1.3388262837383569
(0.39999999999999997, 0.06, 0.0) 0.0229042893742843 0.0010219185873347088 1.4832662083627792
(0.39999999999999997, 0.06, 0.02) 0.018246075749440573 0.0009615078186333341 1.5613666206041024
(0.39999999999999997, 0.06, 0.04) 0.017688733115210915 0.0008371380288561663 1.4777215535333088
(0.39999999999999997, 0.06, 0.06) 0.016373245643894852 0.0006892963895207113 1.49909728661419
(0.39999999999999997, 0.06, 0.08) 0.018062858771371728 0.0006287472713903385 1.3892433589425761
(0.39999999999999997, 0.06, 0.1) 0.025572431410745982 0.0006063758814705044 1.2067960537182847
(0.39999999999999997, 0.06, 0.12) 0.010227589031379256 0.0006247526667770175 1.5630249057206538
(0.39999999999999997, 0.08, 0.0) 0.01639289613470815 0.0011052409326640978 1.8242076779307328
(0.39999999999999997, 0.08, 0.02) 0.01499419705229667 0.0009447917601416055 1.8716922137606884
(0.39999999999999997, 0.08, 0.04) 0.015364909012396268 0.0008823302242388942 1.8034860652209317
(0.39999999999999997, 0.08, 0.06) 0.02665976528254097 0.0005560826732741929 1.6696842779577337
(0.39999999999999997, 0.08, 0.08) 0.013700152333383736 0.0006961266979737192 1.7872973770635956
(0.39999999999999997, 0.08, 0.1) 0.016543718342059303 0.000757439098981675 1.595532728114093
(0.39999999999999997, 0.08, 0.12) 0.014860107650084895 0.0006331361299543732 1.607064041903558
(0.39999999999999997, 0.1, 0.0) 0.013494794394559329 0.0010982983394595275 2.072251520952887
(0.39999999999999997, 0.1, 0.02) 0.01262498357665488 0.0010256746750263864 2.1063231603559043
(0.39999999999999997, 0.1, 0.04) 0.012074487456058826 0.0009072612422702419 2.163411493105303
(0.39999999999999997, 0.1, 0.06) 0.015884165266065457 0.0008136762406894534 1.8112239072165317
(0.39999999999999997, 0.1, 0.08) 0.01257850839593468 0.0007696133689026574 1.9467585685525495
(0.39999999999999997, 0.1, 0.1) 0.009894473913081785 0.0009118718646076749 2.085723522609487
(0.39999999999999997, 0.1, 0.12) 0.009293909844869663 0.0007858273384200937 2.008773086296135
(0.39999999999999997, 0.12, 0.0) 0.013085169202337673 0.0011689346729454144 2.5366163056243223
(0.39999999999999997, 0.12, 0.02) 0.012775909312982128 0.0011933650986096893 2.495424780367711
(0.39999999999999997, 0.12, 0.04) 0.011806713761232279 0.0011599582246468586 2.533522936957423
(0.39999999999999997, 0.12, 0.06) 0.01236248424257582 0.0011628430972922509 2.3759765920415266
(0.39999999999999997, 0.12, 0.08) 0.010764111475119601 0.0009138347493455512 2.3189316538119016
(0.39999999999999997, 0.12, 0.1) 0.009796681414245577 0.0008798233742839414 2.2129714220858703
(0.39999999999999997, 0.12, 0.12) 0.010140487706523043 0.0008794566550925108 2.041440016364703
(0.6, 0.0, 0.0) 0.011549304881014374 0.000934295319662526 0.9448505065073828
(0.6, 0.0, 0.02) 0.01020443812001055 0.0007725517209676913 0.9227185763190962
(0.6, 0.0, 0.04) 0.009776748636023435 0.0007272279370607878 0.949167671590625
(0.6, 0.0, 0.06) 0.013042245363067006 0.0004414311437198646 1.0946699193053915
(0.6, 0.0, 0.08) 0.009520157245764013 0.0005450625304298791 1.1407849364967722
(0.6, 0.0, 0.1) 0.007845182566625902 0.0006455041118932728 1.053373667724487
(0.6, 0.0, 0.12) 0.007730395705388797 0.0008369026905763864 1.283312150962683
(0.6, 0.02, 0.0) 0.012086674812443757 0.000702183242343669 1.0652049021083274
(0.6, 0.02, 0.02) 0.015136494249826452 0.0008306659219794937 1.050612529263896
(0.6, 0.02, 0.04) 0.012195643324873898 0.0006757538803768187 1.031150367146632
(0.6, 0.02, 0.06) 0.010901258464140445 0.0007030302943944775 1.1815922401452434
(0.6, 0.02, 0.08) 0.016440291675120504 0.0006344005536381215 1.1632395113958796
(0.6, 0.02, 0.1) 0.007361042515177597 0.0006871564977225708 1.2317830361271063
(0.6, 0.02, 0.12) 0.006387185285806328 0.0008003899358672303 1.385945679730581
(0.6, 0.04, 0.0) 0.02153567012288679 0.0007481597045145296 1.2052195751970756
(0.6, 0.04, 0.02) 0.01441133378498625 0.0007225161953467758 1.440537138008088
(0.6, 0.04, 0.04) 0.01601504832424932 0.0006188885988513269 1.353936975743626
(0.6, 0.04, 0.06) 0.014167767015229208 0.0005663142084396905 1.2787060381373183
(0.6, 0.04, 0.08) 0.01707755454663723 0.0005016816666282061 1.266971807283928
(0.6, 0.04, 0.1) 0.015530359139737162 0.000616412860119989 1.2361533275559
(0.6, 0.04, 0.12) 0.016873523838579513 0.0008912894706962071 1.2532446629681142
(0.6, 0.06, 0.0) 0.021538747875348662 0.0007344238238550735 1.5363325094322366
(0.6, 0.06, 0.02) 0.01495610340628141 0.0008447868397857293 1.6442033771898061
(0.6, 0.06, 0.04) 0.019379449080081185 0.0006782266589897153 1.5314545022823913
(0.6, 0.06, 0.06) 0.018443945000247784 0.0005817113196929204 1.5047783007718165
(0.6, 0.06, 0.08) 0.017666270556014264 0.0005986140058780557 1.5064399769899377
(0.6, 0.06, 0.1) 0.01197268805951584 0.0005460134374811103 1.6206506236729048
(0.6, 0.06, 0.12) 0.014108527942249207 0.0008320143048312024 1.5347682943082332
(0.6, 0.08, 0.0) 0.018111366533703946 0.0009043471999551129 1.7294874338599848
(0.6, 0.08, 0.02) 0.016466383208488877 0.0006866061977769415 1.6417356666552825
(0.6, 0.08, 0.04) 0.021514837300397882 0.0007212346877098869 1.6189216137725317
(0.6, 0.08, 0.06) 0.011686540247785641 0.0006748408916391151 1.8880022421628764
(0.6, 0.08, 0.08) 0.013194177191530787 0.0006030344676853604 1.6999380237306403
(0.6, 0.08, 0.1) 0.016743931129792278 0.0004962682786662089 1.5734775788199087
(0.6, 0.08, 0.12) 0.013315760184344584 0.0008362267054015653 1.594629382650462
(0.6, 0.1, 0.0) 0.0120690125046514 0.0007240022467289905 2.2099140050073975
(0.6, 0.1, 0.02) 0.011491793652536046 0.0007835908168962054 2.076180670306595
(0.6, 0.1, 0.04) 0.010787820631686285 0.0007995561924450067 2.140152199442247
(0.6, 0.1, 0.06) 0.013945184012859602 0.0006166960235339449 1.9523243204965015
(0.6, 0.1, 0.08) 0.013152357012235313 0.0005523768247867752 1.990942613422454
(0.6, 0.1, 0.1) 0.010835567647798614 0.0005783057211130668 1.8960009547618728
(0.6, 0.1, 0.12) 0.010244308702441909 0.0007371842343601558 2.0253518836522595
(0.6, 0.12, 0.0) 0.014714429284834104 0.0010291879717707413 2.5006400221910305
(0.6, 0.12, 0.02) 0.013514799492240851 0.0010630490771166567 2.5244126335423345
(0.6, 0.12, 0.04) 0.011710626127788927 0.0008612497665516637 2.5886653956494112
(0.6, 0.12, 0.06) 0.010041697336815389 0.0010695831160644138 2.4370285821353024
(0.6, 0.12, 0.08) 0.013121990625495914 0.0006913089220147148 2.174902423670533
(0.6, 0.12, 0.1) 0.010367369758914053 0.0008979133771174893 2.1052682133263407
(0.6, 0.12, 0.12) 0.00897691213340481 0.0008145729389781287 2.1695367661356353
(0.7999999999999999, 0.0, 0.0) 0.011404586653074934 0.000514991474114498 1.1357258760958933
(0.7999999999999999, 0.0, 0.02) 0.011521733652633703 0.0005055522608685522 1.067359041469743
(0.7999999999999999, 0.0, 0.04) 0.00996651073653886 0.0003963166529523185 1.0754906464017553
(0.7999999999999999, 0.0, 0.06) 0.0100412947294161 0.0005147440833680908 1.1789093180093537
(0.7999999999999999, 0.0, 0.08) 0.011838280443231815 0.0005380099164046938 1.149257053852124
(0.7999999999999999, 0.0, 0.1) 0.008405986402956913 0.0007494342770548901 1.231154661211511
(0.7999999999999999, 0.0, 0.12) 0.007059987097548998 0.0011916002339139196 1.2732308692220617
(0.7999999999999999, 0.02, 0.0) 0.01326679775603354 0.0004199169336615569 1.0493319069592233
(0.7999999999999999, 0.02, 0.02) 0.01334558859829104 0.0004638888904831032 1.1615477080203938
(0.7999999999999999, 0.02, 0.04) 0.01623054830033746 0.0005142412535251066 1.091472886819434
(0.7999999999999999, 0.02, 0.06) 0.01186056773836723 0.0005440963589819093 1.3054648947484306
(0.7999999999999999, 0.02, 0.08) 0.011877376382372427 0.0006001989932801806 1.1551610093645508
(0.7999999999999999, 0.02, 0.1) 0.011350396386963684 0.0006601747564735272 1.164586769342805
(0.7999999999999999, 0.02, 0.12) 0.007443759389631733 0.0011240197041209358 1.3770561069299472
(0.7999999999999999, 0.04, 0.0) 0.016961086607230585 0.0005426215350902926 1.3818668783566266
(0.7999999999999999, 0.04, 0.02) 0.018982574370457184 0.0004825484420940206 1.3085963519991304
(0.7999999999999999, 0.04, 0.04) 0.018881739698486194 0.00044049280585898524 1.2624792012939745
(0.7999999999999999, 0.04, 0.06) 0.022322799859874214 0.00044662874707971365 1.1917423465779249
(0.7999999999999999, 0.04, 0.08) 0.01326638582407372 0.0006379041587338526 1.30237563307568
(0.7999999999999999, 0.04, 0.1) 0.01356086463328549 0.0008122362616005343 1.348064787406809
(0.7999999999999999, 0.04, 0.12) 0.010571252839807123 0.0011383852159415257 1.3925918218419633
(0.7999999999999999, 0.06, 0.0) 0.03243319265535104 0.00046752409203746324 1.558951349405185
(0.7999999999999999, 0.06, 0.02) 0.01583428936513041 0.0005009495998069286 1.558978330374416
(0.7999999999999999, 0.06, 0.04) 0.016012310075599646 0.0005095493626065043 1.4504593160306254
(0.7999999999999999, 0.06, 0.06) 0.01926094522107967 0.0004625274987508469 1.4445634005704269
(0.7999999999999999, 0.06, 0.08) 0.013342831414868321 0.0005122676225000477 1.5355165722075392
(0.7999999999999999, 0.06, 0.1) 0.01519750311081519 0.0007580946163907032 1.5603088274697412
(0.7999999999999999, 0.06, 0.12) 0.008115335597952057 0.0009397868746416906 1.76800064401006
(0.7999999999999999, 0.08, 0.0) 0.016465556266106515 0.0005545365203448859 1.7073919859399025
(0.7999999999999999, 0.08, 0.02) 0.01723430934270212 0.0005421800999654793 1.6242517410869963
(0.7999999999999999, 0.08, 0.04) 0.016667368197379177 0.0005359420821547314 1.7301400903781443
(0.7999999999999999, 0.08, 0.06) 0.013759535451624852 0.0005175993071444341 1.835006863621119
(0.7999999999999999, 0.08, 0.08) 0.014293212901761792 0.0006865145202459116 1.6267708222835489
(0.7999999999999999, 0.08, 0.1) 0.016303601813248417 0.0007944629452293291 1.541604132402093
(0.7999999999999999, 0.08, 0.12) 0.015537480446359508 0.0010394006519121772 1.6249890578363162
(0.7999999999999999, 0.1, 0.0) 0.012533989430478615 0.0006023517552945041 2.1364947358991007
(0.7999999999999999, 0.1, 0.02) 0.01170479835244297 0.0006857474720606085 2.1309312880764355
(0.7999999999999999, 0.1, 0.04) 0.010427647540423779 0.0005513027484996982 2.1815479418554915
(0.7999999999999999, 0.1, 0.06) 0.014299000192043155 0.0006066094720718688 1.882347512926635
(0.7999999999999999, 0.1, 0.08) 0.01395271832650381 0.0006867534580674445 1.8600205082213674
(0.7999999999999999, 0.1, 0.1) 0.01290503072174128 0.0007876643180401107 1.9091683193789233
(0.7999999999999999, 0.1, 0.12) 0.011803190051824506 0.0010968883648756424 1.8424618632701542
(0.7999999999999999, 0.12, 0.0) 0.014697645200584973 0.0008759700023305032 2.6648110201930124
(0.7999999999999999, 0.12, 0.02) 0.013204790235321165 0.0008839859747302468 2.635130383857079
(0.7999999999999999, 0.12, 0.04) 0.012884305576331577 0.0008035268077272931 2.3826284126531685
(0.7999999999999999, 0.12, 0.06) 0.011608347487217112 0.0008113311597353184 2.404786937249112
(0.7999999999999999, 0.12, 0.08) 0.009999307713134481 0.0008609682484266276 2.3947558233708657
(0.7999999999999999, 0.12, 0.1) 0.009742231778217508 0.0008196013962811388 2.1721819212301217
(0.7999999999999999, 0.12, 0.12) 0.011741407272838551 0.0011658221831021436 1.9864442361467245
(0.9999999999999999, 0.0, 0.0) 0.014575645259297828 0.0005106962657415715 1.1244640127907215
(0.9999999999999999, 0.0, 0.02) 0.01337123156872219 0.00042603352518059284 1.1814113617237796
(0.9999999999999999, 0.0, 0.04) 0.011843673482857288 0.0004885128617274522 1.054638497008077
(0.9999999999999999, 0.0, 0.06) 0.011008591400784296 0.000572080240388039 1.1068214509119114
(0.9999999999999999, 0.0, 0.08) 0.01054004648696709 0.0008359608415723693 1.2338197015936516
(0.9999999999999999, 0.0, 0.1) 0.008547405191751177 0.0009361856377818368 1.3021787216108172
(0.9999999999999999, 0.0, 0.12) 0.007741470621449267 0.0013812250860826202 1.3773854232275613
(0.9999999999999999, 0.02, 0.0) 0.013085141794609125 0.0004941653530314157 1.278877481011948
(0.9999999999999999, 0.02, 0.02) 0.011483832520623417 0.00045089949593536444 1.185700909277993
(0.9999999999999999, 0.02, 0.04) 0.015041955651740057 0.0004819372055824704 1.0828332333166824
(0.9999999999999999, 0.02, 0.06) 0.011049830568716267 0.0006065438093610885 1.3167393793917612
(0.9999999999999999, 0.02, 0.08) 0.011620812576776347 0.0006898876683467502 1.212835376095247
(0.9999999999999999, 0.02, 0.1) 0.012719407991229888 0.0012101929581463061 1.226353577327606
(0.9999999999999999, 0.02, 0.12) 0.008275332404995835 0.001332023477380626 1.3782174648487637
(0.9999999999999999, 0.04, 0.0) 0.03111880672696326 0.0006970672246657745 1.0366883825088393
(0.9999999999999999, 0.04, 0.02) 0.01901909939396942 0.0006436871355483397 1.25185388707369
(0.9999999999999999, 0.04, 0.04) 0.013516296050515438 0.0005575723666922412 1.3918007276815265
(0.9999999999999999, 0.04, 0.06) 0.013903734163888641 0.000629045891558756 1.3421415803634402
(0.9999999999999999, 0.04, 0.08) 0.015420541872784221 0.0007171769424532571 1.363074552406328
(0.9999999999999999, 0.04, 0.1) 0.016415338249644498 0.0013514274016021841 1.3793093886524435
(0.9999999999999999, 0.04, 0.12) 0.011750863355197887 0.0016401092870037984 1.3915137007638174
(0.9999999999999999, 0.06, 0.0) 0.018932794322686707 0.000492353411257354 1.5265024801957048
(0.9999999999999999, 0.06, 0.02) 0.013136477702961946 0.000484692990562489 1.7551327800070384
(0.9999999999999999, 0.06, 0.04) 0.017807201998387912 0.0005296547514621983 1.5829808438778852
(0.9999999999999999, 0.06, 0.06) 0.01999873816777655 0.0007576816374039042 1.4091501517687144
(0.9999999999999999, 0.06, 0.08) 0.01694452312371791 0.0008340510929332594 1.5011710146351362
(0.9999999999999999, 0.06, 0.1) 0.015636026825956967 0.0009850842126497578 1.5494726118827296
(0.9999999999999999, 0.06, 0.12) 0.014357278532828232 0.0012639732064347673 1.5883933920950493
(0.9999999999999999, 0.08, 0.0) 0.012993099446441028 0.0004650011384783914 1.9177717189497745
(0.9999999999999999, 0.08, 0.02) 0.013151105601652497 0.0005981769506034181 1.8706818594665178
(0.9999999999999999, 0.08, 0.04) 0.013761787066193118 0.0004931634558945949 1.8985984600441121
(0.9999999999999999, 0.08, 0.06) 0.014086584332930393 0.0006732539430968874 1.7359452025657292
(0.9999999999999999, 0.08, 0.08) 0.013755317593245624 0.0006541445061601897 1.7148651963545734
(0.9999999999999999, 0.08, 0.1) 0.010177533906953837 0.0011535881080131781 1.8188684104745645
(0.9999999999999999, 0.08, 0.12) 0.007407276975738852 0.0009846073146064145 2.010218964569922
(0.9999999999999999, 0.1, 0.0) 0.013331282711852724 0.00048442975025333725 2.0531506832671034
(0.9999999999999999, 0.1, 0.02) 0.01300455422143767 0.0005875276299102007 2.0894959501396353
(0.9999999999999999, 0.1, 0.04) 0.013820441080622985 0.0004686000970852398 2.0432664566191803
(0.9999999999999999, 0.1, 0.06) 0.01494661581416086 0.0006320877029322963 1.9415037960029367
(0.9999999999999999, 0.1, 0.08) 0.0109047009985192 0.0006725704845670032 2.117814481773822
(0.9999999999999999, 0.1, 0.1) 0.01252804508476839 0.0009181864966668084 1.8624749105070084
(0.9999999999999999, 0.1, 0.12) 0.007051703729143819 0.0009554903397466253 2.145346178419177
(0.9999999999999999, 0.12, 0.0) 0.0140291565331103 0.0006548304895668683 2.534215742889142
(0.9999999999999999, 0.12, 0.02) 0.013853566858181317 0.0007442360245935223 2.3396252659955143
(0.9999999999999999, 0.12, 0.04) 0.012900726358858491 0.0007365090007045811 2.280438464553015
(0.9999999999999999, 0.12, 0.06) 0.011108884204107577 0.0006899187499535015 2.411967336624117
(0.9999999999999999, 0.12, 0.08) 0.012823625449068444 0.0008150485472999993 2.106791252025581
(0.9999999999999999, 0.12, 0.1) 0.012176868109137205 0.0010751176355055065 2.127941310198408
(0.9999999999999999, 0.12, 0.12) 0.010881160686310459 0.0011332079030533795 2.136699074746055
(1.2, 0.0, 0.0) 0.016782975837813307 0.0011103218899881453 1.1353293719689113
(1.2, 0.0, 0.02) 0.010131720823431032 0.0007853289258203183 1.237973687018918
(1.2, 0.0, 0.04) 0.015956433936484538 0.0011049833514544718 1.0783114767288702
(1.2, 0.0, 0.06) 0.008752947631400753 0.0010109537367271853 1.3869747712069422
(1.2, 0.0, 0.08) 0.009969240026624821 0.0014751242119842624 1.3201989036463706
(1.2, 0.0, 0.1) 0.00759537747867362 0.00162505878901414 1.2577430596436199
(1.2, 0.0, 0.12) 0.0070547175067168025 0.002400783231309274 1.4792788552687812
(1.2, 0.02, 0.0) 0.012014336740767436 0.0008114851365254405 1.1706931146275024
(1.2, 0.02, 0.02) 0.017368374508456824 0.0009486224934685105 1.2553500727624805
(1.2, 0.02, 0.04) 0.012044114872117822 0.0009873841159676146 1.324037675727792
(1.2, 0.02, 0.06) 0.01265092755450253 0.001314754782582327 1.1383504334630148
(1.2, 0.02, 0.08) 0.015850760691209904 0.0015610455677904204 1.3060261454415067
(1.2, 0.02, 0.1) 0.010514662791085268 0.0016932613964061025 1.4171260616979264
(1.2, 0.02, 0.12) 0.008057237140666682 0.002283991100849738 1.478823174576752
(1.2, 0.04, 0.0) 0.017018199513074508 0.0009362823369885027 1.3332133756585811
(1.2, 0.04, 0.02) 0.017819645498622486 0.0009384926452181174 1.3781362242626034
(1.2, 0.04, 0.04) 0.01163324575428828 0.0007132260553679947 1.5071745313559746
(1.2, 0.04, 0.06) 0.0157599416967642 0.0010828639322664495 1.351916597977262
(1.2, 0.04, 0.08) 0.011516156592567332 0.0011193966740904889 1.4509092212907957
(1.2, 0.04, 0.1) 0.01214568193712447 0.0016970433246775512 1.4469900628153423
(1.2, 0.04, 0.12) 0.010530845759213514 0.0016531952213988577 1.5447118125942731
(1.2, 0.06, 0.0) 0.01595113408770572 0.0007083290085254087 1.5689332553421163
(1.2, 0.06, 0.02) 0.01275238362937517 0.0006505157415096922 1.673571729193399
(1.2, 0.06, 0.04) 0.018011546351744775 0.000958224121034217 1.5551775914006174
(1.2, 0.06, 0.06) 0.021571124817556596 0.000915554279263737 1.5655414486619073
(1.2, 0.06, 0.08) 0.013810552706913648 0.0012085168463582916 1.5954633737996093
(1.2, 0.06, 0.1) 0.013993145152078276 0.001862729490584356 1.5771134807297176
(1.2, 0.06, 0.12) 0.006774455309824693 0.00143141298787916 1.904592092660312
(1.2, 0.08, 0.0) 0.017001634011994705 0.0007274660323836533 1.8043453034671244
(1.2, 0.08, 0.02) 0.018032474217799202 0.0008330618097313877 1.6739873638695053
(1.2, 0.08, 0.04) 0.013989207615649073 0.0007325459306266152 1.8913145228414234
(1.2, 0.08, 0.06) 0.010874951165079022 0.00091411092105124 1.9047547750884049
(1.2, 0.08, 0.08) 0.017606757561519942 0.0013753009843103026 1.6679163841975522
(1.2, 0.08, 0.1) 0.011290686634123371 0.0015382131291129177 1.8315351176901584
(1.2, 0.08, 0.12) 0.011311781718264857 0.001759088534453476 1.7550511657027732
(1.2, 0.1, 0.0) 0.011333147373482552 0.0005658917236972458 2.1187460161552965
(1.2, 0.1, 0.02) 0.012726899412703916 0.0005584769802199171 2.172981117747866
(1.2, 0.1, 0.04) 0.012586284843473829 0.0006049248363244921 2.1822229520663905
(1.2, 0.1, 0.06) 0.013247929154902518 0.0008910109333808546 1.9881591847424118
(1.2, 0.1, 0.08) 0.010036584427923318 0.0008475408342783665 2.1459271389845602
(1.2, 0.1, 0.1) 0.01371577338533962 0.0016354223743940553 1.9251040217701858
(1.2, 0.1, 0.12) 0.011203233195618592 0.0017324021316668205 2.0387975240765766
(1.2, 0.12, 0.0) 0.014515950793730392 0.0007533494367388446 2.6508679028612785
(1.2, 0.12, 0.02) 0.01205110972734361 0.0008266059924461018 2.582575038607976
(1.2, 0.12, 0.04) 0.013776864055070902 0.0006340204185937855 2.6264335695417578
(1.2, 0.12, 0.06) 0.012279347591420575 0.0007985349518474693 2.283709780033656
(1.2, 0.12, 0.08) 0.010577150567465485 0.0008913788528908906 2.318922655447987
(1.2, 0.12, 0.1) 0.008062891546863188 0.0012563102551669675 2.3202568871937737
(1.2, 0.12, 0.12) 0.01017544186844499 0.0015110641881257642 2.113933544032876
